{
  "model_version": "unrest-risk-v0.7.2-cv-clustered",
  "fitted_at": "2026-05-26",
  "features": ["civil_liberties", "log_gdp_per_cap", "loser_consent", "conflict_neighbors_count", "gdp_growth", "cpi_inflation", "unemployment", "political_violence_ord_lag1", "mass_mobilization_ord_lag1", "log_refugee_outflow", "coup_proof_fragmentation", "log_acled_violent_demo_fat_per_cap_lag1", "log_acled_pv_fat_per_cap_lag1", "acled_covered_lag1"],
  "feature_labels": {
    "civil_liberties": "Civil liberties",
    "log_gdp_per_cap": "GDP per capita",
    "loser_consent": "Loser consent",
    "conflict_neighbors_count": "Regional conflict",
    "gdp_growth": "GDP growth",
    "cpi_inflation": "Inflation",
    "unemployment": "Unemployment",
    "political_violence_ord_lag1": "Political violence (prior year)",
    "mass_mobilization_ord_lag1": "Mass mobilization (prior year)",
    "log_refugee_outflow": "Refugee outflow (log)",
    "coup_proof_fragmentation": "Coup-proofing fragmentation",
    "log_acled_violent_demo_fat_per_cap_lag1": "ACLED deadly-protest fatalities (prior year)",
    "log_acled_pv_fat_per_cap_lag1": "ACLED political-violence fatalities (prior year)",
    "acled_covered_lag1": "ACLED coverage active (prior year)"
  },
  "feature_direction": {
    "civil_liberties": -1,
    "log_gdp_per_cap": -1,
    "loser_consent": -1,
    "conflict_neighbors_count": 1,
    "gdp_growth": -1,
    "cpi_inflation": 1,
    "unemployment": 1,
    "political_violence_ord_lag1": 1,
    "mass_mobilization_ord_lag1": 1,
    "log_refugee_outflow": 1,
    "coup_proof_fragmentation": 1,
    "log_acled_violent_demo_fat_per_cap_lag1": 1,
    "log_acled_pv_fat_per_cap_lag1": 1,
    "acled_covered_lag1": 0
  },
  "tiers": {
    "mobilization": {
      "strata": {
        "electoral_autocracy": {
          "regime_code": 1,
          "coefficients": {
            "(Intercept)": -3.72253,
            "civil_liberties": 0,
            "log_gdp_per_cap": 0,
            "loser_consent": 0,
            "conflict_neighbors_count": 0,
            "gdp_growth": 0,
            "cpi_inflation": 0,
            "unemployment": 0.005943,
            "political_violence_ord_lag1": 0.197122,
            "mass_mobilization_ord_lag1": 0.256567,
            "log_refugee_outflow": 0,
            "coup_proof_fragmentation": 0,
            "log_acled_violent_demo_fat_per_cap_lag1": 0.479211,
            "log_acled_pv_fat_per_cap_lag1": 0.200301,
            "acled_covered_lag1": 0.482322
          },
          "vcov": [
            [1.10104, -0.036081, -0.040885, -0.000459, 0.00022, -0.002758, 0.000028, -0.008568, -0.019473, -0.047158, -0.000528, -0.239638, -0.062709, -0.016656, -0.033859],
            [-0.036081, 0.064393, 0.000341, -0.000305, -0.000099, -0.000147, -0.000019, 0.001532, 0.001675, 0.001606, -0.000047, -0.007806, 0.005628, 0.005939, -0.01358],
            [-0.040885, 0.000341, 0.005515, -0.000114, 2.378942e-06, -0.000121, -8.356499e-06, -0.000185, -0.000822, 0.000787, 0.000014, 0.001417, 0.002012, 0.001131, -0.003314],
            [-0.000459, -0.000305, -0.000114, 0.001067, 5.114746e-06, -0.000013, 4.976573e-07, 0.000124, 0.000236, -0.000598, 3.017046e-06, -0.000687, -0.002472, 0.000051, 0.000055],
            [0.00022, -0.000099, 2.378942e-06, 5.114746e-06, 0.000024, -3.258009e-06, 2.638107e-08, -8.767609e-06, 0.000034, -0.00003, -5.319703e-07, -0.000244, -0.000079, -0.000034, 0.000059],
            [-0.002758, -0.000147, -0.000121, -0.000013, -3.258009e-06, 0.000513, 2.654165e-06, 0.000058, 0.000187, 0.000467, 0.000013, -0.000288, 0.00145, -0.00088, 0.001035],
            [0.000028, -0.000019, -8.356499e-06, 4.976573e-07, 2.638107e-08, 2.654165e-06, 1.000638e-06, -6.851932e-06, 1.790195e-06, 1.679098e-06, 4.163028e-08, 4.994873e-06, -0.000017, 3.635431e-07, 0.000065],
            [-0.008568, 0.001532, -0.000185, 0.000124, -8.767609e-06, 0.000058, -6.851932e-06, 0.001368, -0.000272, -0.000323, 0.000027, 0.000016, 0.001351, 0.000048, -0.003811],
            [-0.019473, 0.001675, -0.000822, 0.000236, 0.000034, 0.000187, 1.790195e-06, -0.000272, 0.009558, -0.000973, -2.154705e-06, 0.001786, 0.000399, -0.000857, 0.008945],
            [-0.047158, 0.001606, 0.000787, -0.000598, -0.00003, 0.000467, 1.679098e-06, -0.000323, -0.000973, 0.01726, 0.000043, -0.002946, 0.001095, 0.000211, -0.000462],
            [-0.000528, -0.000047, 0.000014, 3.017046e-06, -5.319703e-07, 0.000013, 4.163028e-08, 0.000027, -2.154705e-06, 0.000043, 0.000017, -0.000091, 0.000087, -0.000067, -0.000194],
            [-0.239638, -0.007806, 0.001417, -0.000687, -0.000244, -0.000288, 4.994873e-06, 0.000016, 0.001786, -0.002946, -0.000091, 0.138385, 0.010543, 0.004674, -0.000225],
            [-0.062709, 0.005628, 0.002012, -0.002472, -0.000079, 0.00145, -0.000017, 0.001351, 0.000399, 0.001095, 0.000087, 0.010543, 0.122985, 0.000695, -0.003395],
            [-0.016656, 0.005939, 0.001131, 0.000051, -0.000034, -0.00088, 3.635431e-07, 0.000048, -0.000857, 0.000211, -0.000067, 0.004674, 0.000695, 0.017476, -0.018299],
            [-0.033859, -0.01358, -0.003314, 0.000055, 0.000059, 0.001035, 0.000065, -0.003811, 0.008945, -0.000462, -0.000194, -0.000225, -0.003395, -0.018299, 0.152908]
          ],
          "feature_order": ["(Intercept)", "civil_liberties", "log_gdp_per_cap", "loser_consent", "conflict_neighbors_count", "gdp_growth", "cpi_inflation", "unemployment", "political_violence_ord_lag1", "mass_mobilization_ord_lag1", "log_refugee_outflow", "coup_proof_fragmentation", "log_acled_violent_demo_fat_per_cap_lag1", "log_acled_pv_fat_per_cap_lag1", "acled_covered_lag1"],
          "n_train": 1435,
          "n_events": 169,
          "lambda": 0.007328,
          "n_bootstrap": 500
        },
        "electoral_democracy": {
          "regime_code": 2,
          "coefficients": {
            "(Intercept)": -4.099835,
            "civil_liberties": 0,
            "log_gdp_per_cap": 0,
            "loser_consent": -0.037517,
            "conflict_neighbors_count": 0.051431,
            "gdp_growth": -0.027646,
            "cpi_inflation": 0,
            "unemployment": 0.068947,
            "political_violence_ord_lag1": 0,
            "mass_mobilization_ord_lag1": 0.183833,
            "log_refugee_outflow": 0.049631,
            "coup_proof_fragmentation": 0.230821,
            "log_acled_violent_demo_fat_per_cap_lag1": 0.669341,
            "log_acled_pv_fat_per_cap_lag1": 0.243419,
            "acled_covered_lag1": 0.288748
          },
          "vcov": [
            [1263724.391997, 132.734013, 0.701761, -595355.490405, -2.518847, -27172.025054, 28500.327045, 39660.51267, 182266.219417, -34.285206, -5.094376, 74135.29734, 0, -3.814865, 1969.749849],
            [132.734013, 26.118425, -0.01864, -70.798528, -0.000459, -3.223025, 3.388705, 4.659122, 21.659234, -0.696096, -0.094357, 8.80436, 0, 0.123122, 0.352506],
            [0.701761, -0.01864, 0.003954, -0.342943, 0.000591, -0.015723, 0.016418, 0.022979, 0.103796, 0.001103, 0.000962, 0.044267, 0, -0.000585, -0.002029],
            [-595355.490405, -70.798528, -0.342943, 280482.550248, 1.156256, 12801.234596, -13427.010975, -18684.776489, -85868.859533, 16.059477, 2.399841, -34926.586178, 0, 1.807005, -928.356695],
            [-2.518847, -0.000459, 0.000591, 1.156256, 0.004499, 0.052515, -0.055354, -0.076706, -0.355664, 0.012079, 0.001433, -0.141642, 0, -0.002058, -0.020483],
            [-27172.025054, -3.223025, -0.015723, 12801.234596, 0.052515, 584.250435, -612.809332, -852.774226, -3919.060724, 0.724885, 0.109305, -1594.049668, 0, 0.083552, -42.37941],
            [28500.327045, 3.388705, 0.016418, -13427.010975, -0.055354, -612.809332, 642.765929, 894.460988, 4110.637698, -0.768415, -0.114877, 1671.974607, 0, -0.086665, 44.442559],
            [39660.51267, 4.659122, 0.022979, -18684.776489, -0.076706, -852.774226, 894.460988, 1244.718025, 5720.287329, -1.060281, -0.160487, 2326.686745, 0, -0.120529, 61.843472],
            [182266.219417, 21.659234, 0.103796, -85868.859533, -0.355664, -3919.060724, 4110.637698, 5720.287329, 26288.512202, -4.918239, -0.734248, 10692.663116, 0, -0.554174, 284.240665],
            [-34.285206, -0.696096, 0.001103, 16.059477, 0.012079, 0.724885, -0.768415, -1.060281, -4.918239, 0.213185, 0.005928, -2.006518, 0, -0.029442, 0.046388],
            [-5.094376, -0.094357, 0.000962, 2.399841, 0.001433, 0.109305, -0.114877, -0.160487, -0.734248, 0.005928, 0.006665, -0.291259, 0, -0.000586, -0.009547],
            [74135.29734, 8.80436, 0.044267, -34926.586178, -0.141642, -1594.049668, 1671.974607, 2326.686745, 10692.663116, -2.006518, -0.291259, 4349.285195, 0, -0.234479, 115.700221],
            [0, 0, 0, 0, 0, 0, 0, 0, 0, 0, 0, 0, 1e-08, 0, 0],
            [-3.814865, 0.123122, -0.000585, 1.807005, -0.002058, 0.083552, -0.086665, -0.120529, -0.554174, -0.029442, -0.000586, -0.234479, 0, 0.015112, -0.049355],
            [1969.749849, 0.352506, -0.002029, -928.356695, -0.020483, -42.37941, 44.442559, 61.843472, 284.240665, 0.046388, -0.009547, 115.700221, 0, -0.049355, 3.902423]
          ],
          "feature_order": ["(Intercept)", "civil_liberties", "log_gdp_per_cap", "loser_consent", "conflict_neighbors_count", "gdp_growth", "cpi_inflation", "unemployment", "political_violence_ord_lag1", "mass_mobilization_ord_lag1", "log_refugee_outflow", "coup_proof_fragmentation", "log_acled_violent_demo_fat_per_cap_lag1", "log_acled_pv_fat_per_cap_lag1", "acled_covered_lag1"],
          "n_train": 1224,
          "n_events": 133,
          "lambda": 0.001408,
          "n_bootstrap": 499
        },
        "liberal_democracy": {
          "regime_code": 3,
          "coefficients": {
            "(Intercept)": -2.66153,
            "civil_liberties": 0,
            "log_gdp_per_cap": 0,
            "loser_consent": 0,
            "conflict_neighbors_count": 0,
            "gdp_growth": 0,
            "cpi_inflation": 0,
            "unemployment": 0,
            "political_violence_ord_lag1": 0,
            "mass_mobilization_ord_lag1": 0,
            "log_refugee_outflow": 0,
            "coup_proof_fragmentation": 0,
            "log_acled_violent_demo_fat_per_cap_lag1": 0,
            "log_acled_pv_fat_per_cap_lag1": 0,
            "acled_covered_lag1": 0
          },
          "vcov": [
            [219179733661.34729, -953822.416868, -19402715.026231, 0, 1451.655237, -98.720666, 11.02062, 0, 0, 0, 46377.255692, -43353267760.077446, 0, 0, -324.301018],
            [-953822.416868, 469.234974, -1988.804806, 0, -0.311922, 0.037289, -0.000814, 0, 0, 0, 171.953163, 334124.05907, 0, 0, 0.217283],
            [-19402715.026231, -1988.804806, 1654905.207711, 0, 3.025971, -0.204711, 0.022651, 0, 0, 0, 320.018728, 618600.06898, 0, 0, -0.679422],
            [0, 0, 0, 1e-08, 0, 0, 0, 0, 0, 0, 0, 0, 0, 0, 0],
            [1451.655237, -0.311922, 3.025971, 0, 0.021856, -0.001987, 0.000109, 0, 0, 0, -0.26163, -508.669997, 0, 0, -0.004288],
            [-98.720666, 0.037289, -0.204711, 0, -0.001987, 0.000493, -9.13152e-07, 0, 0, 0, 0.017838, 34.584968, 0, 0, 0.000346],
            [11.02062, -0.000814, 0.022651, 0, 0.000109, -9.13152e-07, 0.000019, 0, 0, 0, -0.001994, -3.861102, 0, 0, 4.241168e-06],
            [0, 0, 0, 0, 0, 0, 0, 1e-08, 0, 0, 0, 0, 0, 0, 0],
            [0, 0, 0, 0, 0, 0, 0, 0, 1e-08, 0, 0, 0, 0, 0, 0],
            [0, 0, 0, 0, 0, 0, 0, 0, 0, 1e-08, 0, 0, 0, 0, 0],
            [46377.255692, 171.953163, 320.018728, 0, -0.26163, 0.017838, -0.001994, 0, 0, 0, 3233.114648, 56060.497564, 0, 0, 0.058776],
            [-43353267760.077446, 334124.05907, 618600.06898, 0, -508.669997, 34.584968, -3.861102, 0, 0, 0, 56060.497564, 45018963641.681206, 0, 0, 113.600301],
            [0, 0, 0, 0, 0, 0, 0, 0, 0, 0, 0, 0, 1e-08, 0, 0],
            [0, 0, 0, 0, 0, 0, 0, 0, 0, 0, 0, 0, 0, 1e-08, 0],
            [-324.301018, 0.217283, -0.679422, 0, -0.004288, 0.000346, 4.241168e-06, 0, 0, 0, 0.058776, 113.600301, 0, 0, 0.005526]
          ],
          "feature_order": ["(Intercept)", "civil_liberties", "log_gdp_per_cap", "loser_consent", "conflict_neighbors_count", "gdp_growth", "cpi_inflation", "unemployment", "political_violence_ord_lag1", "mass_mobilization_ord_lag1", "log_refugee_outflow", "coup_proof_fragmentation", "log_acled_violent_demo_fat_per_cap_lag1", "log_acled_pv_fat_per_cap_lag1", "acled_covered_lag1"],
          "n_train": 1011,
          "n_events": 66,
          "lambda": 0.030466,
          "n_bootstrap": 452
        }
      },
      "pooled": {
        "coefficients": {
          "(Intercept)": -3.258006,
          "civil_liberties": 0,
          "log_gdp_per_cap": 0,
          "loser_consent": 0,
          "conflict_neighbors_count": 0.013204,
          "gdp_growth": -0.011847,
          "cpi_inflation": 0,
          "unemployment": 0.030729,
          "political_violence_ord_lag1": 0.026974,
          "mass_mobilization_ord_lag1": 0.094604,
          "log_refugee_outflow": 0.020979,
          "coup_proof_fragmentation": 0,
          "log_acled_violent_demo_fat_per_cap_lag1": 0.734382,
          "log_acled_pv_fat_per_cap_lag1": 0.233288,
          "acled_covered_lag1": 0.39702
        },
        "vcov": [
          [0.322287, 0, -0.008902, -0.002436, -0.004197, -0.000994, -0.000035, -0.002686, -0.006118, -0.018083, -0.003279, -0.0442, -0.00101, -0.001332, -0.048006],
          [0, 1e-08, 0, 0, 0, 0, 0, 0, 0, 0, 0, 0, 0, 0, 0],
          [-0.008902, 0, 0.001358, 0.000092, 0.000199, -0.000064, -1.207447e-06, -0.000233, 0.000789, -0.001033, 0.000085, -0.000059, 0.000912, 0.000198, -0.000804],
          [-0.002436, 0, 0.000092, 0.000561, 0.000053, -0.000023, -5.050434e-06, 1.917643e-07, 0.000081, -0.000259, 0.000034, 0.000233, -0.000136, 0.000103, -0.000405],
          [-0.004197, 0, 0.000199, 0.000053, 0.000397, -0.000011, -2.605927e-08, -0.000101, 0.000276, -0.000043, 0.000087, 0.000255, 0.000175, -0.000014, -0.000767],
          [-0.000994, 0, -0.000064, -0.000023, -0.000011, 0.000108, 1.757875e-06, 0.000023, 0.000093, 0.000259, 0.000021, -0.00003, 0.000137, -0.000023, 0.000458],
          [-0.000035, 0, -1.207447e-06, -5.050434e-06, -2.605927e-08, 1.757875e-06, 2.643443e-06, -8.30738e-06, 0.000013, 0.000012, -1.951391e-06, -7.078664e-06, -0.000026, 7.868301e-06, 0.00008],
          [-0.002686, 0, -0.000233, 1.917643e-07, -0.000101, 0.000023, -8.30738e-06, 0.000517, -0.00053, 0.000329, 0.000032, 0.000721, 0.000584, 0.000089, -0.000924],
          [-0.006118, 0, 0.000789, 0.000081, 0.000276, 0.000093, 0.000013, -0.00053, 0.009032, -0.002887, 0.000077, -0.00317, -0.005086, -0.000902, 0.001947],
          [-0.018083, 0, -0.001033, -0.000259, -0.000043, 0.000259, 0.000012, 0.000329, -0.002887, 0.007822, 0.000182, 0.001632, -0.002335, -0.000552, 0.009746],
          [-0.003279, 0, 0.000085, 0.000034, 0.000087, 0.000021, -1.951391e-06, 0.000032, 0.000077, 0.000182, 0.000224, 0.000167, -0.000072, 8.984397e-06, -0.000273],
          [-0.0442, 0, -0.000059, 0.000233, 0.000255, -0.00003, -7.078664e-06, 0.000721, -0.00317, 0.001632, 0.000167, 0.020687, -0.001336, 0.001285, 0.0006],
          [-0.00101, 0, 0.000912, -0.000136, 0.000175, 0.000137, -0.000026, 0.000584, -0.005086, -0.002335, -0.000072, -0.001336, 0.060839, 0.000678, -0.006144],
          [-0.001332, 0, 0.000198, 0.000103, -0.000014, -0.000023, 7.868301e-06, 0.000089, -0.000902, -0.000552, 8.984397e-06, 0.001285, 0.000678, 0.006246, -0.009231],
          [-0.048006, 0, -0.000804, -0.000405, -0.000767, 0.000458, 0.00008, -0.000924, 0.001947, 0.009746, -0.000273, 0.0006, -0.006144, -0.009231, 0.070914]
        ],
        "feature_order": ["(Intercept)", "civil_liberties", "log_gdp_per_cap", "loser_consent", "conflict_neighbors_count", "gdp_growth", "cpi_inflation", "unemployment", "political_violence_ord_lag1", "mass_mobilization_ord_lag1", "log_refugee_outflow", "coup_proof_fragmentation", "log_acled_violent_demo_fat_per_cap_lag1", "log_acled_pv_fat_per_cap_lag1", "acled_covered_lag1"],
        "lambda": 0.001006,
        "n_train": 3932,
        "n_events": 378,
        "n_bootstrap": 500
      },
      "train_years": [1996, 2025]
    },
    "violence": {
      "strata": {
        "electoral_autocracy": {
          "regime_code": 1,
          "coefficients": {
            "(Intercept)": -2.169241,
            "civil_liberties": -0.65461,
            "log_gdp_per_cap": -0.168506,
            "loser_consent": 0,
            "conflict_neighbors_count": 0,
            "gdp_growth": -0.011605,
            "cpi_inflation": 0.001947,
            "unemployment": 0,
            "political_violence_ord_lag1": 0.715849,
            "mass_mobilization_ord_lag1": 0.145024,
            "log_refugee_outflow": 0,
            "coup_proof_fragmentation": 0.471908,
            "log_acled_violent_demo_fat_per_cap_lag1": 0,
            "log_acled_pv_fat_per_cap_lag1": 0.984621,
            "acled_covered_lag1": -0.553598
          },
          "vcov": [
            [8.852446, -0.72332, -1.07163, -0.019385, -0.012759, -0.01349, -0.000904, -0.000025, 0.068784, 0.01898, -0.001054, -0.008613, 0.000115, -0.034499, -0.427981],
            [-0.72332, 1.072235, 0.006477, -0.002906, 0.001977, -0.003167, -0.000245, 0.000067, 0.07899, -0.020466, -0.000884, -0.083805, 0.000191, 0.029759, 0.059798],
            [-1.07163, 0.006477, 0.154838, 0.004237, 0.000047, 0.001082, 0.000079, -0.000116, -0.029966, -0.009288, -0.000305, -0.012954, -0.000051, 0.013219, -0.011278],
            [-0.019385, -0.002906, 0.004237, 0.001983, -0.000181, -0.000126, -5.462337e-06, 6.259263e-06, -0.002019, -0.001624, -0.000054, -0.00102, 2.839471e-06, 0.001071, -0.005869],
            [-0.012759, 0.001977, 0.000047, -0.000181, 0.000806, 0.000036, 5.236317e-06, -2.205095e-06, 0.00195, 0.000489, 0.000017, 0.000741, -4.402741e-06, -0.001246, 0.001263],
            [-0.01349, -0.003167, 0.001082, -0.000126, 0.000036, 0.000635, -2.782521e-06, -4.206975e-06, 0.000929, 0.000655, 0.000056, 0.000543, 4.408135e-06, -0.002547, 0.004369],
            [-0.000904, -0.000245, 0.000079, -5.462337e-06, 5.236317e-06, -2.782521e-06, 0.000011, -1.737505e-07, -2.461716e-06, -0.000024, 0.00001, 0.000117, 1.939945e-07, 3.89799e-06, 0.000313],
            [-0.000025, 0.000067, -0.000116, 6.259263e-06, -2.205095e-06, -4.206975e-06, -1.737505e-07, 0.000024, -4.520399e-06, -0.000034, 8.241498e-06, 0.000054, -2.254224e-07, 6.536502e-07, 0.000707],
            [0.068784, 0.07899, -0.029966, -0.002019, 0.00195, 0.000929, -2.461716e-06, -4.520399e-06, 0.065925, 0.004036, -0.00026, -0.008633, 0.000066, -0.025785, 0.030501],
            [0.01898, -0.020466, -0.009288, -0.001624, 0.000489, 0.000655, -0.000024, -0.000034, 0.004036, 0.017599, -0.00012, 0.003805, -0.00002, -0.007399, 0.017416],
            [-0.001054, -0.000884, -0.000305, -0.000054, 0.000017, 0.000056, 0.00001, 8.241498e-06, -0.00026, -0.00012, 0.00025, 0.000367, 0.000018, -0.000482, 0.003089],
            [-0.008613, -0.083805, -0.012954, -0.00102, 0.000741, 0.000543, 0.000117, 0.000054, -0.008633, 0.003805, 0.000367, 0.073389, -0.000062, -0.003099, 0.037889],
            [0.000115, 0.000191, -0.000051, 2.839471e-06, -4.402741e-06, 4.408135e-06, 1.939945e-07, -2.254224e-07, 0.000066, -0.00002, 0.000018, -0.000062, 0.000051, 0.000072, 0.000194],
            [-0.034499, 0.029759, 0.013219, 0.001071, -0.001246, -0.002547, 3.89799e-06, 6.536502e-07, -0.025785, -0.007399, -0.000482, -0.003099, 0.000072, 0.065934, -0.078724],
            [-0.427981, 0.059798, -0.011278, -0.005869, 0.001263, 0.004369, 0.000313, 0.000707, 0.030501, 0.017416, 0.003089, 0.037889, 0.000194, -0.078724, 0.474628]
          ],
          "feature_order": ["(Intercept)", "civil_liberties", "log_gdp_per_cap", "loser_consent", "conflict_neighbors_count", "gdp_growth", "cpi_inflation", "unemployment", "political_violence_ord_lag1", "mass_mobilization_ord_lag1", "log_refugee_outflow", "coup_proof_fragmentation", "log_acled_violent_demo_fat_per_cap_lag1", "log_acled_pv_fat_per_cap_lag1", "acled_covered_lag1"],
          "n_train": 1435,
          "n_events": 528,
          "lambda": 0.000456,
          "n_bootstrap": 500
        },
        "electoral_democracy": {
          "regime_code": 2,
          "coefficients": {
            "(Intercept)": 4.230522,
            "civil_liberties": -11.874701,
            "log_gdp_per_cap": 0,
            "loser_consent": 0,
            "conflict_neighbors_count": 0,
            "gdp_growth": -0.017816,
            "cpi_inflation": 0,
            "unemployment": 0.032413,
            "political_violence_ord_lag1": 0.777981,
            "mass_mobilization_ord_lag1": 0.440544,
            "log_refugee_outflow": 0.024544,
            "coup_proof_fragmentation": 0.485854,
            "log_acled_violent_demo_fat_per_cap_lag1": 0,
            "log_acled_pv_fat_per_cap_lag1": 0.915353,
            "acled_covered_lag1": -0.223062
          },
          "vcov": [
            [65.230719, -54.971287, -2.341104, -0.924123, 0.074646, -0.017709, -0.06153, -0.033141, -1.97006, 0.736509, -0.087347, 1.499525, 0, 1.277927, -1.820432],
            [-54.971287, 83.791704, -1.85381, 1.27421, -0.162981, 0.002484, 0.115972, -0.020418, -0.270574, -0.163736, 0.104867, -0.817121, 0, -1.401608, 1.563715],
            [-2.341104, -1.85381, 0.643604, -0.063242, 0.004418, 0.003059, -0.013114, -0.008725, 0.165006, -0.103506, -0.001249, -0.359978, 0, -0.033472, -0.120257],
            [-0.924123, 1.27421, -0.063242, 0.258935, 0.004063, 0.000101, -0.001586, -0.005453, -0.166439, -0.019566, -0.011831, -0.03323, 0, -0.149159, 0.035924],
            [0.074646, -0.162981, 0.004418, 0.004063, 0.004407, 0.000107, -0.000097, -0.000141, 0.006159, 0.003489, -0.000348, -0.009947, 0, -0.012395, -0.000793],
            [-0.017709, 0.002484, 0.003059, 0.000101, 0.000107, 0.000766, -0.000541, 0.000178, 0.002045, -0.000032, -0.000877, -0.002683, 0, -0.0036, -0.000731],
            [-0.06153, 0.115972, -0.013114, -0.001586, -0.000097, -0.000541, 0.004894, 0.000424, 0.004662, 0.000592, 0.00264, 0.005277, 0, -0.009357, 0.028415],
            [-0.033141, -0.020418, -0.008725, -0.005453, -0.000141, 0.000178, 0.000424, 0.00368, 0.024795, 0.002042, -0.000034, 0.018937, 0, -0.000917, 0.017811],
            [-1.97006, -0.270574, 0.165006, -0.166439, 0.006159, 0.002045, 0.004662, 0.024795, 0.856299, -0.070728, 0.001493, 0.044015, 0, 0.144738, -0.091253],
            [0.736509, -0.163736, -0.103506, -0.019566, 0.003489, -0.000032, 0.000592, 0.002042, -0.070728, 0.10093, -0.000699, 0.012306, 0, 0.026535, 0.101885],
            [-0.087347, 0.104867, -0.001249, -0.011831, -0.000348, -0.000877, 0.00264, -0.000034, 0.001493, -0.000699, 0.006703, -0.006111, 0, 0.006692, 0.017819],
            [1.499525, -0.817121, -0.359978, -0.03323, -0.009947, -0.002683, 0.005277, 0.018937, 0.044015, 0.012306, -0.006111, 0.847234, 0, 0.168586, 0.040487],
            [0, 0, 0, 0, 0, 0, 0, 0, 0, 0, 0, 0, 1e-08, 0, 0],
            [1.277927, -1.401608, -0.033472, -0.149159, -0.012395, -0.0036, -0.009357, -0.000917, 0.144738, 0.026535, 0.006692, 0.168586, 0, 0.687675, -0.405935],
            [-1.820432, 1.563715, -0.120257, 0.035924, -0.000793, -0.000731, 0.028415, 0.017811, -0.091253, 0.101885, 0.017819, 0.040487, 0, -0.405935, 1.323292]
          ],
          "feature_order": ["(Intercept)", "civil_liberties", "log_gdp_per_cap", "loser_consent", "conflict_neighbors_count", "gdp_growth", "cpi_inflation", "unemployment", "political_violence_ord_lag1", "mass_mobilization_ord_lag1", "log_refugee_outflow", "coup_proof_fragmentation", "log_acled_violent_demo_fat_per_cap_lag1", "log_acled_pv_fat_per_cap_lag1", "acled_covered_lag1"],
          "n_train": 1224,
          "n_events": 238,
          "lambda": 0.002081,
          "n_bootstrap": 500
        }
      },
      "pooled": {
        "coefficients": {
          "(Intercept)": -3.290635,
          "civil_liberties": -0.920797,
          "log_gdp_per_cap": -0.100523,
          "loser_consent": 0,
          "conflict_neighbors_count": 0,
          "gdp_growth": -0.014066,
          "cpi_inflation": 0.001369,
          "unemployment": 0,
          "political_violence_ord_lag1": 0.950902,
          "mass_mobilization_ord_lag1": 0.189887,
          "log_refugee_outflow": 0.014923,
          "coup_proof_fragmentation": 0.488329,
          "log_acled_violent_demo_fat_per_cap_lag1": 0,
          "log_acled_pv_fat_per_cap_lag1": 1.035033,
          "acled_covered_lag1": -0.485413
        },
        "vcov": [
          [1.281106, -0.045843, -0.129591, -0.000109, -0.000838, -0.002838, -0.000272, -0.000761, -0.068033, -0.010469, -0.005782, -0.004167, -0.000675, 0.009252, -0.067156],
          [-0.045843, 0.404318, -0.035775, -0.000139, -0.000038, 0.00071, 0.000491, -0.000059, -0.003302, -0.015981, 0.001139, 0.052055, 0.000694, 0.001647, -0.012124],
          [-0.129591, -0.035775, 0.019805, -0.000084, 0.000077, -0.000034, -0.000048, -0.000049, 0.006099, 0.002222, 0.000418, -0.011592, -0.000063, -0.001826, 0.008],
          [-0.000109, -0.000139, -0.000084, 0.00028, -9.66916e-06, -4.079802e-06, -4.250606e-07, 4.603316e-06, 0.000162, -0.000032, 0.000016, 0.000026, 0.00001, -0.000168, -0.000161],
          [-0.000838, -0.000038, 0.000077, -9.66916e-06, 0.000023, -5.772314e-06, 6.018027e-07, 5.336912e-07, -0.000017, 0.000028, 6.440721e-06, 1.760972e-07, -3.078559e-06, 0.000054, 0.000038],
          [-0.002838, 0.00071, -0.000034, -4.079802e-06, -5.772314e-06, 0.000168, 7.269267e-06, 4.054502e-06, 0.000341, 0.00008, 0.000023, 0.000743, 0.000048, -0.000341, 0.000096],
          [-0.000272, 0.000491, -0.000048, -4.250606e-07, 6.018027e-07, 7.269267e-06, 0.000016, 1.750462e-06, -0.000114, -2.474828e-06, 0.000011, 0.00014, 1.120129e-06, -4.221356e-06, 0.000113],
          [-0.000761, -0.000059, -0.000049, 4.603316e-06, 5.336912e-07, 4.054502e-06, 1.750462e-06, 0.000075, 0.000042, -0.000065, 9.060518e-06, 0.000199, -6.006396e-07, 0.00007, 0.000198],
          [-0.068033, -0.003302, 0.006099, 0.000162, -0.000017, 0.000341, -0.000114, 0.000042, 0.02041, -0.001749, -0.000102, -0.003517, 0.000134, 0.000089, -0.002489],
          [-0.010469, -0.015981, 0.002222, -0.000032, 0.000028, 0.00008, -2.474828e-06, -0.000065, -0.001749, 0.006163, 0.000044, -0.003454, 0.000152, -0.000356, -0.002227],
          [-0.005782, 0.001139, 0.000418, 0.000016, 6.440721e-06, 0.000023, 0.000011, 9.060518e-06, -0.000102, 0.000044, 0.000338, -4.373324e-07, 0.000032, 0.000354, -0.000287],
          [-0.004167, 0.052055, -0.011592, 0.000026, 1.760972e-07, 0.000743, 0.00014, 0.000199, -0.003517, -0.003454, -4.373324e-07, 0.040807, 0.000061, 0.001512, -0.007536],
          [-0.000675, 0.000694, -0.000063, 0.00001, -3.078559e-06, 0.000048, 1.120129e-06, -6.006396e-07, 0.000134, 0.000152, 0.000032, 0.000061, 0.001196, -0.000244, -0.000462],
          [0.009252, 0.001647, -0.001826, -0.000168, 0.000054, -0.000341, -4.221356e-06, 0.00007, 0.000089, -0.000356, 0.000354, 0.001512, -0.000244, 0.020693, -0.016172],
          [-0.067156, -0.012124, 0.008, -0.000161, 0.000038, 0.000096, 0.000113, 0.000198, -0.002489, -0.002227, -0.000287, -0.007536, -0.000462, -0.016172, 0.072416]
        ],
        "feature_order": ["(Intercept)", "civil_liberties", "log_gdp_per_cap", "loser_consent", "conflict_neighbors_count", "gdp_growth", "cpi_inflation", "unemployment", "political_violence_ord_lag1", "mass_mobilization_ord_lag1", "log_refugee_outflow", "coup_proof_fragmentation", "log_acled_violent_demo_fat_per_cap_lag1", "log_acled_pv_fat_per_cap_lag1", "acled_covered_lag1"],
        "lambda": 0.000454,
        "n_train": 3932,
        "n_events": 823,
        "n_bootstrap": 500
      },
      "train_years": [1996, 2025]
    }
  }
}
