{
  "model_version": "unrest-risk-v0.6-two-tier",
  "fitted_at": "2026-05-17",
  "features": ["civil_liberties", "log_gdp_per_cap", "loser_consent", "conflict_neighbors_count", "gdp_growth", "cpi_inflation", "unemployment", "political_violence_ord_lag1", "log_refugee_outflow", "coup_proof_fragmentation"],
  "feature_labels": {
    "civil_liberties": "Civil liberties",
    "log_gdp_per_cap": "GDP per capita",
    "loser_consent": "Loser consent",
    "conflict_neighbors_count": "Regional conflict",
    "gdp_growth": "GDP growth",
    "cpi_inflation": "Inflation",
    "unemployment": "Unemployment",
    "political_violence_ord_lag1": "Political violence (prior year)",
    "log_refugee_outflow": "Refugee outflow (log)",
    "coup_proof_fragmentation": "Coup-proofing fragmentation"
  },
  "feature_direction": {
    "civil_liberties": -1,
    "log_gdp_per_cap": -1,
    "loser_consent": -1,
    "conflict_neighbors_count": 1,
    "gdp_growth": -1,
    "cpi_inflation": 1,
    "unemployment": 1,
    "political_violence_ord_lag1": 1,
    "log_refugee_outflow": 1,
    "coup_proof_fragmentation": 1
  },
  "tiers": {
    "mobilization": {
      "strata": {
        "closed_autocracy": {
          "regime_code": 0,
          "coefficients": {
            "(Intercept)": -4.57019,
            "civil_liberties": -0.796013,
            "log_gdp_per_cap": 0,
            "loser_consent": 0,
            "conflict_neighbors_count": 0,
            "gdp_growth": -0.031432,
            "cpi_inflation": 0,
            "unemployment": 0,
            "political_violence_ord_lag1": 0.490555,
            "log_refugee_outflow": 0,
            "coup_proof_fragmentation": 0
          },
          "vcov": [
            [2639086477.826669, -1496.066865, -0.188105, 0, 1.170553, -111.74507, -790781575.003381, 0, 925.959964, 98.956078, 319.872939],
            [-1496.066865, 0.858985, -0.000053, 0, 0.000018, -0.002358, 448.185753, 0, -0.037365, -0.000468, 0.081291],
            [-0.188105, -0.000053, 3.344921e-06, 0, 4.162967e-08, 0.000013, 0.056334, 0, 0.000033, 1.732706e-06, 0.000011],
            [0, 0, 0, 1e-08, 0, 0, 0, 0, 0, 0, 0],
            [1.170553, 0.000018, 4.162967e-08, 0, 0.000049, 0.000025, -0.350906, 0, 0.000247, -0.000022, -0.000024],
            [-111.74507, -0.002358, 0.000013, 0, 0.000025, 0.003731, 33.479736, 0, 0.008696, -0.000751, 0.00048],
            [-790781575.003381, 448.185753, 0.056334, 0, -0.350906, 33.479736, 236951501.030968, 0, -277.455247, -29.664625, -96.176121],
            [0, 0, 0, 0, 0, 0, 0, 1e-08, 0, 0, 0],
            [925.959964, -0.037365, 0.000033, 0, 0.000247, 0.008696, -277.455247, 0, 0.106635, -0.01551, -0.035871],
            [98.956078, -0.000468, 1.732706e-06, 0, -0.000022, -0.000751, -29.664625, 0, -0.01551, 0.007001, 0.00274],
            [319.872939, 0.081291, 0.000011, 0, -0.000024, 0.00048, -96.176121, 0, -0.035871, 0.00274, 0.155058]
          ],
          "feature_order": ["(Intercept)", "civil_liberties", "log_gdp_per_cap", "loser_consent", "conflict_neighbors_count", "gdp_growth", "cpi_inflation", "unemployment", "political_violence_ord_lag1", "log_refugee_outflow", "coup_proof_fragmentation"],
          "n_train": 261,
          "n_events": 4,
          "lambda": 0.007596,
          "n_bootstrap": 500
        },
        "electoral_autocracy": {
          "regime_code": 1,
          "coefficients": {
            "(Intercept)": -3.346353,
            "civil_liberties": 0,
            "log_gdp_per_cap": 0,
            "loser_consent": 0,
            "conflict_neighbors_count": 0,
            "gdp_growth": -0.040349,
            "cpi_inflation": 0,
            "unemployment": 0.041556,
            "political_violence_ord_lag1": 0,
            "log_refugee_outflow": 0,
            "coup_proof_fragmentation": 0
          },
          "vcov": [
            [0.11396, 0, -0.001805, -0.00129, -0.000115, -0.001696, 0.000017, -0.003513, -0.002672, -0.005345, 0],
            [0, 1e-08, 0, 0, 0, 0, 0, 0, 0, 0, 0],
            [-0.001805, 0, 0.000179, -9.290233e-06, -0.000015, 0.00002, 2.030878e-07, 0.000028, 0.000021, 0.000021, 0],
            [-0.00129, 0, -9.290233e-06, 0.000471, 0.000011, -0.00002, -2.143177e-06, 0.000084, 0.00002, -0.000053, 0],
            [-0.000115, 0, -0.000015, 0.000011, 0.000102, -0.000017, 1.362128e-07, -0.000026, 0.000069, -0.000032, 0],
            [-0.001696, 0, 0.00002, -0.00002, -0.000017, 0.000332, -5.805134e-07, 0.000106, -0.000047, -0.000021, 0],
            [0.000017, 0, 2.030878e-07, -2.143177e-06, 1.362128e-07, -5.805134e-07, 9.247544e-07, -1.838758e-06, -3.646714e-06, 1.23666e-07, 0],
            [-0.003513, 0, 0.000028, 0.000084, -0.000026, 0.000106, -1.838758e-06, 0.000415, -0.00025, -0.000066, 0],
            [-0.002672, 0, 0.000021, 0.00002, 0.000069, -0.000047, -3.646714e-06, -0.00025, 0.002819, -0.000106, 0],
            [-0.005345, 0, 0.000021, -0.000053, -0.000032, -0.000021, 1.23666e-07, -0.000066, -0.000106, 0.000672, 0],
            [0, 0, 0, 0, 0, 0, 0, 0, 0, 0, 1e-08]
          ],
          "feature_order": ["(Intercept)", "civil_liberties", "log_gdp_per_cap", "loser_consent", "conflict_neighbors_count", "gdp_growth", "cpi_inflation", "unemployment", "political_violence_ord_lag1", "log_refugee_outflow", "coup_proof_fragmentation"],
          "n_train": 1434,
          "n_events": 61,
          "lambda": 0.004758,
          "n_bootstrap": 500
        },
        "electoral_democracy": {
          "regime_code": 2,
          "coefficients": {
            "(Intercept)": -3.072622,
            "civil_liberties": 0,
            "log_gdp_per_cap": 0,
            "loser_consent": -0.043496,
            "conflict_neighbors_count": 0,
            "gdp_growth": -0.031355,
            "cpi_inflation": 0,
            "unemployment": 0.049877,
            "political_violence_ord_lag1": 0,
            "log_refugee_outflow": 0.055781,
            "coup_proof_fragmentation": 0
          },
          "vcov": [
            [0.268967, 0, 0, -0.043601, -0.001373, -0.002009, -0.000068, -0.002133, 0, -0.007423, -0.008207],
            [0, 1e-08, 0, 0, 0, 0, 0, 0, 0, 0, 0],
            [0, 0, 1e-08, 0, 0, 0, 0, 0, 0, 0, 0],
            [-0.043601, 0, 0, 0.012469, 0.00012, 0.000224, 0.000019, -6.93363e-06, 0, -0.000313, -0.00027],
            [-0.001373, 0, 0, 0.00012, 0.000171, 2.156668e-06, -4.019234e-07, -0.000019, 0, 0.000088, -0.000233],
            [-0.002009, 0, 0, 0.000224, 2.156668e-06, 0.000439, 2.050886e-06, 4.744025e-06, 0, 0.000022, -0.000227],
            [-0.000068, 0, 0, 0.000019, -4.019234e-07, 2.050886e-06, 2.863407e-06, 1.804695e-06, 0, -7.955799e-06, 0.00001],
            [-0.002133, 0, 0, -6.93363e-06, -0.000019, 4.744025e-06, 1.804695e-06, 0.000219, 0, -0.000069, 0.000323],
            [0, 0, 0, 0, 0, 0, 0, 0, 1e-08, 0, 0],
            [-0.007423, 0, 0, -0.000313, 0.000088, 0.000022, -7.955799e-06, -0.000069, 0, 0.001297, -0.000945],
            [-0.008207, 0, 0, -0.00027, -0.000233, -0.000227, 0.00001, 0.000323, 0, -0.000945, 0.008382]
          ],
          "feature_order": ["(Intercept)", "civil_liberties", "log_gdp_per_cap", "loser_consent", "conflict_neighbors_count", "gdp_growth", "cpi_inflation", "unemployment", "political_violence_ord_lag1", "log_refugee_outflow", "coup_proof_fragmentation"],
          "n_train": 1224,
          "n_events": 98,
          "lambda": 0.006979,
          "n_bootstrap": 500
        },
        "liberal_democracy": {
          "regime_code": 3,
          "coefficients": {
            "(Intercept)": -2.713327,
            "civil_liberties": 0,
            "log_gdp_per_cap": 0,
            "loser_consent": 0,
            "conflict_neighbors_count": 0,
            "gdp_growth": 0,
            "cpi_inflation": 0,
            "unemployment": 0,
            "political_violence_ord_lag1": 0,
            "log_refugee_outflow": 0,
            "coup_proof_fragmentation": 0
          },
          "vcov": [
            [0.246503, -0.25547, 0, -0.001796, 0, 6.265881e-06, -1.125646e-06, -4.912303e-07, 0, 0, 0],
            [-0.25547, 0.273761, 0, -0.000253, 0, -0.000013, 9.417246e-07, 1.115063e-06, 0, 0, 0],
            [0, 0, 1e-08, 0, 0, 0, 0, 0, 0, 0, 0],
            [-0.001796, -0.000253, 0, 0.000511, 0, -3.227748e-07, 2.426619e-08, -2.429872e-07, 0, 0, 0],
            [0, 0, 0, 0, 1e-08, 0, 0, 0, 0, 0, 0],
            [6.265881e-06, -0.000013, 0, -3.227748e-07, 0, 2.698046e-06, 1.203593e-09, 1.425132e-09, 0, 0, 0],
            [-1.125646e-06, 9.417246e-07, 0, 2.426619e-08, 0, 1.203593e-09, 5.515256e-08, -1.071414e-10, 0, 0, 0],
            [-4.912303e-07, 1.115063e-06, 0, -2.429872e-07, 0, 1.425132e-09, -1.071414e-10, 6.040463e-08, 0, 0, 0],
            [0, 0, 0, 0, 0, 0, 0, 0, 1e-08, 0, 0],
            [0, 0, 0, 0, 0, 0, 0, 0, 0, 1e-08, 0],
            [0, 0, 0, 0, 0, 0, 0, 0, 0, 0, 1e-08]
          ],
          "feature_order": ["(Intercept)", "civil_liberties", "log_gdp_per_cap", "loser_consent", "conflict_neighbors_count", "gdp_growth", "cpi_inflation", "unemployment", "political_violence_ord_lag1", "log_refugee_outflow", "coup_proof_fragmentation"],
          "n_train": 1013,
          "n_events": 63,
          "lambda": 0.020621,
          "n_bootstrap": 500
        }
      },
      "pooled": {
        "coefficients": {
          "(Intercept)": -3.078151,
          "civil_liberties": 0,
          "log_gdp_per_cap": 0,
          "loser_consent": 0,
          "conflict_neighbors_count": 0,
          "gdp_growth": -0.041963,
          "cpi_inflation": 0,
          "unemployment": 0.046683,
          "political_violence_ord_lag1": 0,
          "log_refugee_outflow": 0,
          "coup_proof_fragmentation": 0
        },
        "vcov": [
          [0.018157, 0, 0, 0, -0.000121, -0.000701, -4.516184e-06, -0.001109, 0, -0.000544, -0.000359],
          [0, 1e-08, 0, 0, 0, 0, 0, 0, 0, 0, 0],
          [0, 0, 1e-08, 0, 0, 0, 0, 0, 0, 0, 0],
          [0, 0, 0, 1e-08, 0, 0, 0, 0, 0, 0, 0],
          [-0.000121, 0, 0, 0, 0.000048, -2.839149e-06, -1.009886e-07, -0.000015, 0, 5.927932e-06, -5.712731e-06],
          [-0.000701, 0, 0, 0, -2.839149e-06, 0.000163, 3.087274e-07, 0.000034, 0, -5.491999e-06, 4.482049e-06],
          [-4.516184e-06, 0, 0, 0, -1.009886e-07, 3.087274e-07, 1.803023e-07, 3.095125e-07, 0, -1.081937e-07, 3.892772e-07],
          [-0.001109, 0, 0, 0, -0.000015, 0.000034, 3.095125e-07, 0.000124, 0, -0.000014, -1.293932e-06],
          [0, 0, 0, 0, 0, 0, 0, 0, 1e-08, 0, 0],
          [-0.000544, 0, 0, 0, 5.927932e-06, -5.491999e-06, -1.081937e-07, -0.000014, 0, 0.000086, 3.812422e-07],
          [-0.000359, 0, 0, 0, -5.712731e-06, 4.482049e-06, 3.892772e-07, -1.293932e-06, 0, 3.812422e-07, 0.000224]
        ],
        "feature_order": ["(Intercept)", "civil_liberties", "log_gdp_per_cap", "loser_consent", "conflict_neighbors_count", "gdp_growth", "cpi_inflation", "unemployment", "political_violence_ord_lag1", "log_refugee_outflow", "coup_proof_fragmentation"],
        "lambda": 0.000388,
        "n_train": 3932,
        "n_events": 226,
        "n_bootstrap": 500
      },
      "train_years": [1996, 2022]
    },
    "violence": {
      "strata": {
        "closed_autocracy": {
          "regime_code": 0,
          "coefficients": {
            "(Intercept)": -5.49871,
            "civil_liberties": 0,
            "log_gdp_per_cap": -0.561203,
            "loser_consent": 0,
            "conflict_neighbors_count": 0.112267,
            "gdp_growth": 0,
            "cpi_inflation": 0.013808,
            "unemployment": 0,
            "political_violence_ord_lag1": 2.104948,
            "log_refugee_outflow": 0.292082,
            "coup_proof_fragmentation": 0
          },
          "vcov": [
            [23.216312, -0.000107, -1.956566, -0.179021, 0.172634, -0.022456, 0.003457, -0.024832, 0.126161, -0.753298, -0.007753],
            [-0.000107, 0.000035, 6.987646e-06, -9.529398e-06, -0.00004, 0.000012, 4.409807e-06, 2.616909e-06, 0.000037, 6.448534e-06, 3.732607e-07],
            [-1.956566, 6.987646e-06, 0.172975, 0.012997, -0.019462, 0.001453, -0.000235, 0.002243, -0.018247, 0.060849, 0.000551],
            [-0.179021, -9.529398e-06, 0.012997, 0.010139, -0.002177, 0.000099, 0.000438, 0.000064, 0.003518, 0.0047, 0.00005],
            [0.172634, -0.00004, -0.019462, -0.002177, 0.016201, -0.000294, 0.000291, -0.000452, -0.008019, -0.004326, -0.000172],
            [-0.022456, 0.000012, 0.001453, 0.000099, -0.000294, 0.000403, 0.000033, 0.00005, 0.001519, 0.000709, -2.422113e-06],
            [0.003457, 4.409807e-06, -0.000235, 0.000438, 0.000291, 0.000033, 0.00053, -0.000077, -0.000575, -0.000505, -0.000014],
            [-0.024832, 2.616909e-06, 0.002243, 0.000064, -0.000452, 0.00005, -0.000077, 0.000322, -0.000252, 0.000564, 0.000037],
            [0.126161, 0.000037, -0.018247, 0.003518, -0.008019, 0.001519, -0.000575, -0.000252, 0.047808, -0.007371, -0.000165],
            [-0.753298, 6.448534e-06, 0.060849, 0.0047, -0.004326, 0.000709, -0.000505, 0.000564, -0.007371, 0.028255, 0.000349],
            [-0.007753, 3.732607e-07, 0.000551, 0.00005, -0.000172, -2.422113e-06, -0.000014, 0.000037, -0.000165, 0.000349, 0.000486]
          ],
          "feature_order": ["(Intercept)", "civil_liberties", "log_gdp_per_cap", "loser_consent", "conflict_neighbors_count", "gdp_growth", "cpi_inflation", "unemployment", "political_violence_ord_lag1", "log_refugee_outflow", "coup_proof_fragmentation"],
          "n_train": 226,
          "n_events": 20,
          "lambda": 0.01072,
          "n_bootstrap": 500
        },
        "electoral_autocracy": {
          "regime_code": 1,
          "coefficients": {
            "(Intercept)": -6.238203,
            "civil_liberties": -0.120241,
            "log_gdp_per_cap": -0.163263,
            "loser_consent": 0,
            "conflict_neighbors_count": 0.020063,
            "gdp_growth": -0.00543,
            "cpi_inflation": 0,
            "unemployment": 0,
            "political_violence_ord_lag1": 0.934943,
            "log_refugee_outflow": 0.39608,
            "coup_proof_fragmentation": 0.667249
          },
          "vcov": [
            [0.886955, -0.06689, -0.072123, 0.001377, -0.008213, -0.002809, 0.000078, 0, -0.008038, -0.022242, -0.009226],
            [-0.06689, 0.083592, 0.001873, -0.000407, -0.000316, 0.001133, -0.000015, 0, -0.000447, 0.001537, -0.003077],
            [-0.072123, 0.001873, 0.008898, -0.000224, 0.000436, 0.000148, -3.200964e-06, 0, 0.000079, 0.000855, -0.003202],
            [0.001377, -0.000407, -0.000224, 0.000442, -6.567178e-06, 5.427467e-06, -5.086083e-06, 0, 0.000155, -0.000054, -0.000101],
            [-0.008213, -0.000316, 0.000436, -6.567178e-06, 0.000299, 0.00002, 2.885911e-06, 0, -0.000142, 0.000201, 0.000738],
            [-0.002809, 0.001133, 0.000148, 5.427467e-06, 0.00002, 0.000176, 2.397722e-06, 0, 1.002337e-06, 0.000017, -0.000034],
            [0.000078, -0.000015, -3.200964e-06, -5.086083e-06, 2.885911e-06, 2.397722e-06, 0.000011, 0, 6.70737e-06, -0.000019, 1.27805e-06],
            [0, 0, 0, 0, 0, 0, 0, 1e-08, 0, 0, 0],
            [-0.008038, -0.000447, 0.000079, 0.000155, -0.000142, 1.002337e-06, 6.70737e-06, 0, 0.006589, -0.000565, -0.000109],
            [-0.022242, 0.001537, 0.000855, -0.000054, 0.000201, 0.000017, -0.000019, 0, -0.000565, 0.001471, 0.000355],
            [-0.009226, -0.003077, -0.003202, -0.000101, 0.000738, -0.000034, 1.27805e-06, 0, -0.000109, 0.000355, 0.014028]
          ],
          "feature_order": ["(Intercept)", "civil_liberties", "log_gdp_per_cap", "loser_consent", "conflict_neighbors_count", "gdp_growth", "cpi_inflation", "unemployment", "political_violence_ord_lag1", "log_refugee_outflow", "coup_proof_fragmentation"],
          "n_train": 1099,
          "n_events": 426,
          "lambda": 0.004586,
          "n_bootstrap": 500
        },
        "electoral_democracy": {
          "regime_code": 2,
          "coefficients": {
            "(Intercept)": 5.360561,
            "civil_liberties": -15.719441,
            "log_gdp_per_cap": 0,
            "loser_consent": 0,
            "conflict_neighbors_count": 0,
            "gdp_growth": -0.037144,
            "cpi_inflation": 0,
            "unemployment": 0,
            "political_violence_ord_lag1": 1.109991,
            "log_refugee_outflow": 0.257543,
            "coup_proof_fragmentation": 0.950494
          },
          "vcov": [
            [2.081485, -2.185216, 0, -0.007204, -0.00016, -0.005132, 5.113208e-07, 9.148361e-07, -0.065616, -0.022155, -0.003178],
            [-2.185216, 2.968922, 0, 0.000985, -0.000296, 0.005151, 0.00002, 0.000037, 0.049824, -0.007583, -0.079576],
            [0, 0, 1e-08, 0, 0, 0, 0, 0, 0, 0, 0],
            [-0.007204, 0.000985, 0, 0.006462, -8.571431e-08, -0.000214, 4.137531e-06, 1.185936e-06, 0.000913, -0.001012, -0.00336],
            [-0.00016, -0.000296, 0, -8.571431e-08, 0.000015, -5.45589e-06, -1.096116e-07, -4.249196e-08, 0.000016, 0.000026, 0.000025],
            [-0.005132, 0.005151, 0, -0.000214, -5.45589e-06, 0.000798, -1.820889e-06, -6.55454e-07, -0.000846, 0.000023, -0.000042],
            [5.113208e-07, 0.00002, 0, 4.137531e-06, -1.096116e-07, -1.820889e-06, 2.345535e-06, -1.085561e-08, -0.000012, -5.837443e-06, 0.000014],
            [9.148361e-07, 0.000037, 0, 1.185936e-06, -4.249196e-08, -6.55454e-07, -1.085561e-08, 3.491401e-07, 6.758647e-06, -3.902643e-06, -6.264522e-06],
            [-0.065616, 0.049824, 0, 0.000913, 0.000016, -0.000846, -0.000012, 6.758647e-06, 0.021276, -0.000955, -0.001604],
            [-0.022155, -0.007583, 0, -0.001012, 0.000026, 0.000023, -5.837443e-06, -3.902643e-06, -0.000955, 0.003368, 0.001124],
            [-0.003178, -0.079576, 0, -0.00336, 0.000025, -0.000042, 0.000014, -6.264522e-06, -0.001604, 0.001124, 0.032809]
          ],
          "feature_order": ["(Intercept)", "civil_liberties", "log_gdp_per_cap", "loser_consent", "conflict_neighbors_count", "gdp_growth", "cpi_inflation", "unemployment", "political_violence_ord_lag1", "log_refugee_outflow", "coup_proof_fragmentation"],
          "n_train": 1038,
          "n_events": 195,
          "lambda": 0.001741,
          "n_bootstrap": 500
        },
        "liberal_democracy": {
          "regime_code": 3,
          "coefficients": {
            "(Intercept)": 44.702227,
            "civil_liberties": -50.891179,
            "log_gdp_per_cap": 0,
            "loser_consent": -1.567403,
            "conflict_neighbors_count": 0,
            "gdp_growth": -0.038099,
            "cpi_inflation": 0,
            "unemployment": 0,
            "political_violence_ord_lag1": 1.745329,
            "log_refugee_outflow": 0.062934,
            "coup_proof_fragmentation": 1.121468
          },
          "vcov": [
            [8876909062164538, -2369864010486697.5, -30970484360889.652, -1594869495348487.5, 0, -1706912003421.1396, 16628037893.777731, -21345634.704691, 27847347646547.586, 3619939584052.8037, 9960168939210.2461],
            [-2369864010486697.5, 1230059972783704.5, 5877973715508.8467, 302694682305704.81, 0, 323959497354.61328, -20368410374.26347, 8882299.871478, -28560400909288.355, -4151969204972.2007, -11409255310088.709],
            [-30970484360889.652, 5877973715508.8467, 117616130573.79709, 6056811279469.3115, 0, 6482313550.157796, 6060410.433403, 60467.414099, -12665465392.760427, 107236871.450072, 261290109.035609],
            [-1594869495348487.5, 302694682305704.81, 6056811279469.3115, 311904180966822.12, 0, 333816030472.28912, 312090026.575919, 3113861.194801, -652226242488.91199, 5522325332.202173, 13455530439.234127],
            [0, 0, 0, 0, 1e-08, 0, 0, 0, 0, 0, 0],
            [-1706912003421.1396, 323959497354.61328, 6482313550.157796, 333816030472.28912, 0, 357267228.209349, 334028.210403, 3332.748226, -698044832.481252, 5910513.920833, 14401378.950454],
            [16628037893.777731, -20368410374.26347, 6060410.433403, 312090026.575919, 0, 334028.210403, 77756321.434039, -1554.737564, 12759207.041136, -2757273.396549, -6718288.722827],
            [-21345634.704691, 8882299.871478, 60467.414099, 3113861.194801, 0, 3332.748226, -1554.737564, 6957.931303, -158084.387844, -27510.544721, 57966.917256],
            [27847347646547.586, -28560400909288.355, -12665465392.760427, -652226242488.91199, 0, -698044832.481252, 12759207.041136, -158084.387844, 844760640596.21973, 126126831420.11177, 342443171288.17291],
            [3619939584052.8037, -4151969204972.2007, 107236871.450072, 5522325332.202173, 0, 5910513.920833, -2757273.396549, -27510.544721, 126126831420.11177, 18920735446.416492, 50972904174.175545],
            [9960168939210.2461, -11409255310088.709, 261290109.035609, 13455530439.234127, 0, 14401378.950454, -6718288.722827, 57966.917256, 342443171288.17291, 50972904174.175545, 140242961142.9234]
          ],
          "feature_order": ["(Intercept)", "civil_liberties", "log_gdp_per_cap", "loser_consent", "conflict_neighbors_count", "gdp_growth", "cpi_inflation", "unemployment", "political_violence_ord_lag1", "log_refugee_outflow", "coup_proof_fragmentation"],
          "n_train": 957,
          "n_events": 19,
          "lambda": 0.001063,
          "n_bootstrap": 500
        }
      },
      "pooled": {
        "coefficients": {
          "(Intercept)": -7.274192,
          "civil_liberties": -0.352182,
          "log_gdp_per_cap": -0.071913,
          "loser_consent": 0,
          "conflict_neighbors_count": 0.003427,
          "gdp_growth": -0.014479,
          "cpi_inflation": 0,
          "unemployment": 0,
          "political_violence_ord_lag1": 1.256933,
          "log_refugee_outflow": 0.374796,
          "coup_proof_fragmentation": 0.715127
        },
        "vcov": [
          [0.496972, -0.059547, -0.031698, 0.000467, -0.00304, -0.001805, 0.000017, 0, -0.016204, -0.013587, -0.013217],
          [-0.059547, 0.052508, 0.000915, -0.000909, 0.000136, 0.000341, 8.99299e-06, 0, 0.002452, 0.001483, -0.000154],
          [-0.031698, 0.000915, 0.003306, -0.000081, 0.000186, 0.000098, -1.780875e-06, 0, 0.000864, 0.000443, -0.00084],
          [0.000467, -0.000909, -0.000081, 0.000459, -3.325417e-06, -0.000022, -3.154515e-07, 0, 0.000047, -0.000054, -0.000018],
          [-0.00304, 0.000136, 0.000186, -3.325417e-06, 0.000106, 8.249761e-06, -6.19532e-07, 0, -8.639535e-06, 0.000065, 0.000147],
          [-0.001805, 0.000341, 0.000098, -0.000022, 8.249761e-06, 0.000169, 1.141898e-06, 0, 0.000013, 4.14669e-06, 0.000055],
          [0.000017, 8.99299e-06, -1.780875e-06, -3.154515e-07, -6.19532e-07, 1.141898e-06, 3.072635e-06, 0, 1.512671e-06, -5.975827e-06, 7.009919e-06],
          [0, 0, 0, 0, 0, 0, 0, 1e-08, 0, 0, 0],
          [-0.016204, 0.002452, 0.000864, 0.000047, -8.639535e-06, 0.000013, 1.512671e-06, 0, 0.004058, 0.000091, -0.000499],
          [-0.013587, 0.001483, 0.000443, -0.000054, 0.000065, 4.14669e-06, -5.975827e-06, 0, 0.000091, 0.00084, 0.000404],
          [-0.013217, -0.000154, -0.00084, -0.000018, 0.000147, 0.000055, 7.009919e-06, 0, -0.000499, 0.000404, 0.008003]
        ],
        "feature_order": ["(Intercept)", "civil_liberties", "log_gdp_per_cap", "loser_consent", "conflict_neighbors_count", "gdp_growth", "cpi_inflation", "unemployment", "political_violence_ord_lag1", "log_refugee_outflow", "coup_proof_fragmentation"],
        "lambda": 0.001382,
        "n_train": 3320,
        "n_events": 660,
        "n_bootstrap": 500
      },
      "train_years": [1996, 2022]
    }
  }
}
