{
  "model_version": "unrest-risk-v0.6-two-tier",
  "fitted_at": "2026-05-17",
  "features": ["civil_liberties", "log_gdp_per_cap", "loser_consent", "conflict_neighbors_count", "gdp_growth", "cpi_inflation", "unemployment", "political_violence_ord_lag1", "log_refugee_outflow", "coup_proof_fragmentation"],
  "feature_labels": {
    "civil_liberties": "Civil liberties",
    "log_gdp_per_cap": "GDP per capita",
    "loser_consent": "Loser consent",
    "conflict_neighbors_count": "Regional conflict",
    "gdp_growth": "GDP growth",
    "cpi_inflation": "Inflation",
    "unemployment": "Unemployment",
    "political_violence_ord_lag1": "Political violence (prior year)",
    "log_refugee_outflow": "Refugee outflow (log)",
    "coup_proof_fragmentation": "Coup-proofing fragmentation"
  },
  "feature_direction": {
    "civil_liberties": -1,
    "log_gdp_per_cap": -1,
    "loser_consent": -1,
    "conflict_neighbors_count": 1,
    "gdp_growth": -1,
    "cpi_inflation": 1,
    "unemployment": 1,
    "political_violence_ord_lag1": 1,
    "log_refugee_outflow": 1,
    "coup_proof_fragmentation": 1
  },
  "tiers": {
    "mobilization": {
      "strata": {
        "closed_autocracy": {
          "regime_code": 0,
          "coefficients": {
            "(Intercept)": -4.162782,
            "civil_liberties": 0,
            "log_gdp_per_cap": 0,
            "loser_consent": 0,
            "conflict_neighbors_count": 0,
            "gdp_growth": 0,
            "cpi_inflation": 0,
            "unemployment": 0,
            "political_violence_ord_lag1": 0,
            "log_refugee_outflow": 0,
            "coup_proof_fragmentation": 0
          },
          "vcov": [
            [0.104344, -0.000256, 0, 0, 0, -0.004745, -0.00012, 0, -0.037862, 2.522408e-06, 0],
            [-0.000256, 0.00038, 0, 0, 0, 0.000073, 5.484277e-07, 0, 0.000077, -3.633149e-06, 0],
            [0, 0, 1e-08, 0, 0, 0, 0, 0, 0, 0, 0],
            [0, 0, 0, 1e-08, 0, 0, 0, 0, 0, 0, 0],
            [0, 0, 0, 0, 1e-08, 0, 0, 0, 0, 0, 0],
            [-0.004745, 0.000073, 0, 0, 0, 0.001211, 0.000011, 0, 0.001285, -6.976677e-07, 0],
            [-0.00012, 5.484277e-07, 0, 0, 0, 0.000011, 0.000018, 0, -0.000052, -5.092723e-09, 0],
            [0, 0, 0, 0, 0, 0, 0, 1e-08, 0, 0, 0],
            [-0.037862, 0.000077, 0, 0, 0, 0.001285, -0.000052, 0, 0.023538, -7.930444e-07, 0],
            [2.522408e-06, -3.633149e-06, 0, 0, 0, -6.976677e-07, -5.092723e-09, 0, -7.930444e-07, 4.474555e-08, 0],
            [0, 0, 0, 0, 0, 0, 0, 0, 0, 0, 1e-08]
          ],
          "feature_order": ["(Intercept)", "civil_liberties", "log_gdp_per_cap", "loser_consent", "conflict_neighbors_count", "gdp_growth", "cpi_inflation", "unemployment", "political_violence_ord_lag1", "log_refugee_outflow", "coup_proof_fragmentation"],
          "n_train": 261,
          "n_events": 4,
          "lambda": 0.021136,
          "n_bootstrap": 500
        },
        "electoral_autocracy": {
          "regime_code": 1,
          "coefficients": {
            "(Intercept)": -3.592805,
            "civil_liberties": 0,
            "log_gdp_per_cap": 0,
            "loser_consent": 0,
            "conflict_neighbors_count": 0,
            "gdp_growth": -0.039085,
            "cpi_inflation": 0,
            "unemployment": 0.0437,
            "political_violence_ord_lag1": 0,
            "log_refugee_outflow": 0.041473,
            "coup_proof_fragmentation": 0
          },
          "vcov": [
            [0.095581, 0, -0.001004, -0.001596, -0.001789, -0.001793, -0.000015, -0.004104, -0.003296, -0.003204, 0],
            [0, 1e-08, 0, 0, 0, 0, 0, 0, 0, 0, 0],
            [-0.001004, 0, 0.000099, -5.557061e-06, 3.06569e-06, -1.659257e-06, -4.818975e-07, 0.00002, -0.000012, 0.000015, 0],
            [-0.001596, 0, -5.557061e-06, 0.000414, 3.518051e-06, -0.000014, 5.082337e-07, 0.000051, -0.000091, 0.000066, 0],
            [-0.001789, 0, 3.06569e-06, 3.518051e-06, 0.000243, -2.227166e-07, 1.568711e-06, -0.000032, 0.000235, -9.907158e-07, 0],
            [-0.001793, 0, -1.659257e-06, -0.000014, -2.227166e-07, 0.000285, 5.208567e-07, 0.000087, 0.000019, 0.000018, 0],
            [-0.000015, 0, -4.818975e-07, 5.082337e-07, 1.568711e-06, 5.208567e-07, 5.587729e-07, 4.566262e-08, -2.708353e-06, 5.539401e-07, 0],
            [-0.004104, 0, 0.00002, 0.000051, -0.000032, 0.000087, 4.566262e-08, 0.000397, -0.000185, 0.000031, 0],
            [-0.003296, 0, -0.000012, -0.000091, 0.000235, 0.000019, -2.708353e-06, -0.000185, 0.002471, -0.000208, 0],
            [-0.003204, 0, 0.000015, 0.000066, -9.907158e-07, 0.000018, 5.539401e-07, 0.000031, -0.000208, 0.000513, 0],
            [0, 0, 0, 0, 0, 0, 0, 0, 0, 0, 1e-08]
          ],
          "feature_order": ["(Intercept)", "civil_liberties", "log_gdp_per_cap", "loser_consent", "conflict_neighbors_count", "gdp_growth", "cpi_inflation", "unemployment", "political_violence_ord_lag1", "log_refugee_outflow", "coup_proof_fragmentation"],
          "n_train": 1434,
          "n_events": 61,
          "lambda": 0.00395,
          "n_bootstrap": 500
        },
        "electoral_democracy": {
          "regime_code": 2,
          "coefficients": {
            "(Intercept)": -3.095594,
            "civil_liberties": 0,
            "log_gdp_per_cap": 0,
            "loser_consent": -0.139445,
            "conflict_neighbors_count": 0.023816,
            "gdp_growth": -0.050909,
            "cpi_inflation": 0,
            "unemployment": 0.060467,
            "political_violence_ord_lag1": 0,
            "log_refugee_outflow": 0.046308,
            "coup_proof_fragmentation": 0.229916
          },
          "vcov": [
            [0.451131, 0, 0, -0.084887, -0.004605, -0.003775, -0.000191, -0.0026, 0, -0.002369, -0.037611],
            [0, 1e-08, 0, 0, 0, 0, 0, 0, 0, 0, 0],
            [0, 0, 1e-08, 0, 0, 0, 0, 0, 0, 0, 0],
            [-0.084887, 0, 0, 0.022471, 0.0007, 0.000583, 9.449355e-06, -0.000062, 0, 0.000015, -0.000346],
            [-0.004605, 0, 0, 0.0007, 0.000517, -0.000033, 2.820307e-06, -0.00006, 0, 0.000194, -0.000446],
            [-0.003775, 0, 0, 0.000583, -0.000033, 0.000562, 2.846577e-06, 0.000046, 0, -0.000018, -0.000096],
            [-0.000191, 0, 0, 9.449355e-06, 2.820307e-06, 2.846577e-06, 9.558636e-06, 5.630079e-06, 0, -6.525929e-06, 0.000017],
            [-0.0026, 0, 0, -0.000062, -0.00006, 0.000046, 5.630079e-06, 0.000209, 0, -0.000062, 0.000596],
            [0, 0, 0, 0, 0, 0, 0, 0, 1e-08, 0, 0],
            [-0.002369, 0, 0, 0.000015, 0.000194, -0.000018, -6.525929e-06, -0.000062, 0, 0.000561, -0.000556],
            [-0.037611, 0, 0, -0.000346, -0.000446, -0.000096, 0.000017, 0.000596, 0, -0.000556, 0.020619]
          ],
          "feature_order": ["(Intercept)", "civil_liberties", "log_gdp_per_cap", "loser_consent", "conflict_neighbors_count", "gdp_growth", "cpi_inflation", "unemployment", "political_violence_ord_lag1", "log_refugee_outflow", "coup_proof_fragmentation"],
          "n_train": 1224,
          "n_events": 98,
          "lambda": 0.001308,
          "n_bootstrap": 500
        },
        "liberal_democracy": {
          "regime_code": 3,
          "coefficients": {
            "(Intercept)": -2.713327,
            "civil_liberties": 0,
            "log_gdp_per_cap": 0,
            "loser_consent": 0,
            "conflict_neighbors_count": 0,
            "gdp_growth": 0,
            "cpi_inflation": 0,
            "unemployment": 0,
            "political_violence_ord_lag1": 0,
            "log_refugee_outflow": 0,
            "coup_proof_fragmentation": 0
          },
          "vcov": [
            [1.121598, -1.126536, 0, -0.016448, 0.000023, -0.000206, -0.000041, 5.277727e-06, 0, -0.000291, 0],
            [-1.126536, 1.195138, 0, 0.001581, -0.000027, 0.000211, 0.000032, -6.177186e-06, 0, 0.000238, 0],
            [0, 0, 1e-08, 0, 0, 0, 0, 0, 0, 0, 0],
            [-0.016448, 0.001581, 0, 0.003755, 2.439846e-07, -2.121978e-06, 6.595789e-07, 6.114625e-08, 0, 7.777116e-06, 0],
            [0.000023, -0.000027, 0, 2.439846e-07, 3.579625e-07, 1.07412e-08, -3.338711e-09, -3.095151e-10, 0, -3.936684e-08, 0],
            [-0.000206, 0.000211, 0, -2.121978e-06, 1.07412e-08, 6.906934e-06, 2.903737e-08, 2.691909e-09, 0, 3.423805e-07, 0],
            [-0.000041, 0.000032, 0, 6.595789e-07, -3.338711e-09, 2.903737e-08, 2.252595e-06, -8.367316e-10, 0, -1.064229e-07, 0],
            [5.277727e-06, -6.177186e-06, 0, 6.114625e-08, -3.095151e-10, 2.691909e-09, -8.367316e-10, 3.730718e-08, 0, 5.770245e-08, 0],
            [0, 0, 0, 0, 0, 0, 0, 0, 1e-08, 0, 0],
            [-0.000291, 0.000238, 0, 7.777116e-06, -3.936684e-08, 3.423805e-07, -1.064229e-07, 5.770245e-08, 0, 0.000037, 0],
            [0, 0, 0, 0, 0, 0, 0, 0, 0, 0, 1e-08]
          ],
          "feature_order": ["(Intercept)", "civil_liberties", "log_gdp_per_cap", "loser_consent", "conflict_neighbors_count", "gdp_growth", "cpi_inflation", "unemployment", "political_violence_ord_lag1", "log_refugee_outflow", "coup_proof_fragmentation"],
          "n_train": 1013,
          "n_events": 63,
          "lambda": 0.01712,
          "n_bootstrap": 500
        }
      },
      "pooled": {
        "coefficients": {
          "(Intercept)": -3.206279,
          "civil_liberties": 0,
          "log_gdp_per_cap": 0,
          "loser_consent": 0,
          "conflict_neighbors_count": 0,
          "gdp_growth": -0.041939,
          "cpi_inflation": 0,
          "unemployment": 0.045802,
          "political_violence_ord_lag1": 0,
          "log_refugee_outflow": 0.033167,
          "coup_proof_fragmentation": 0
        },
        "vcov": [
          [0.019128, 0, 0, 0, -0.000243, -0.000693, 1.48344e-07, -0.001069, 0, -0.001059, -0.000479],
          [0, 1e-08, 0, 0, 0, 0, 0, 0, 0, 0, 0],
          [0, 0, 1e-08, 0, 0, 0, 0, 0, 0, 0, 0],
          [0, 0, 0, 1e-08, 0, 0, 0, 0, 0, 0, 0],
          [-0.000243, 0, 0, 0, 0.000079, -0.000011, -2.606579e-08, -0.000016, 0, 0.000013, -0.000011],
          [-0.000693, 0, 0, 0, -0.000011, 0.000146, -1.449389e-07, 0.000034, 0, 5.401602e-06, -8.194851e-09],
          [1.48344e-07, 0, 0, 0, -2.606579e-08, -1.449389e-07, 1.277026e-07, -9.070599e-08, 0, -2.242051e-07, 9.456995e-07],
          [-0.001069, 0, 0, 0, -0.000016, 0.000034, -9.070599e-08, 0.0001, 0, 0.000012, 0.000018],
          [0, 0, 0, 0, 0, 0, 0, 0, 1e-08, 0, 0],
          [-0.001059, 0, 0, 0, 0.000013, 5.401602e-06, -2.242051e-07, 0.000012, 0, 0.000195, -2.659218e-06],
          [-0.000479, 0, 0, 0, -0.000011, -8.194851e-09, 9.456995e-07, 0.000018, 0, -2.659218e-06, 0.000213]
        ],
        "feature_order": ["(Intercept)", "civil_liberties", "log_gdp_per_cap", "loser_consent", "conflict_neighbors_count", "gdp_growth", "cpi_inflation", "unemployment", "political_violence_ord_lag1", "log_refugee_outflow", "coup_proof_fragmentation"],
        "lambda": 0.000202,
        "n_train": 3932,
        "n_events": 226,
        "n_bootstrap": 500
      },
      "train_years": [1996, 2022]
    },
    "violence": {
      "strata": {
        "closed_autocracy": {
          "regime_code": 0,
          "coefficients": {
            "(Intercept)": 2.321958,
            "civil_liberties": 0,
            "log_gdp_per_cap": -1.246233,
            "loser_consent": 0,
            "conflict_neighbors_count": 0.070265,
            "gdp_growth": 0,
            "cpi_inflation": 0.021191,
            "unemployment": 0.021171,
            "political_violence_ord_lag1": 2.349105,
            "log_refugee_outflow": 0,
            "coup_proof_fragmentation": 0
          },
          "vcov": [
            [3.927942, 0.109955, -0.421153, -0.078422, 0.037295, -0.005911, -0.020386, -0.021251, 0.011287, 0, -0.002258],
            [0.109955, 0.130717, -0.024123, -0.004147, 0.00566, 0.000261, 0.00073, -0.003212, 0.018014, 0, 0.00019],
            [-0.421153, -0.024123, 0.055436, 0.005632, -0.007617, -0.000013, 0.001496, 0.002534, -0.019866, 0, 0.000289],
            [-0.078422, -0.004147, 0.005632, 0.015215, -0.002296, -0.000237, 0.001128, 0.000272, 0.001336, 0, 0.000103],
            [0.037295, 0.00566, -0.007617, -0.002296, 0.010337, 8.586551e-06, 0.000199, -0.000587, -0.002741, 0, -0.000205],
            [-0.005911, 0.000261, -0.000013, -0.000237, 8.586551e-06, 0.000575, 0.000089, 0.000113, 0.001748, 0, -0.000079],
            [-0.020386, 0.00073, 0.001496, 0.001128, 0.000199, 0.000089, 0.000831, -0.000203, -0.000185, 0, 0.000035],
            [-0.021251, -0.003212, 0.002534, 0.000272, -0.000587, 0.000113, -0.000203, 0.000702, -0.000975, 0, 0.000019],
            [0.011287, 0.018014, -0.019866, 0.001336, -0.002741, 0.001748, -0.000185, -0.000975, 0.058948, 0, -0.001043],
            [0, 0, 0, 0, 0, 0, 0, 0, 0, 1e-08, 0],
            [-0.002258, 0.00019, 0.000289, 0.000103, -0.000205, -0.000079, 0.000035, 0.000019, -0.001043, 0, 0.001225]
          ],
          "feature_order": ["(Intercept)", "civil_liberties", "log_gdp_per_cap", "loser_consent", "conflict_neighbors_count", "gdp_growth", "cpi_inflation", "unemployment", "political_violence_ord_lag1", "log_refugee_outflow", "coup_proof_fragmentation"],
          "n_train": 226,
          "n_events": 20,
          "lambda": 0.0089,
          "n_bootstrap": 500
        },
        "electoral_autocracy": {
          "regime_code": 1,
          "coefficients": {
            "(Intercept)": -1.476575,
            "civil_liberties": -1.271599,
            "log_gdp_per_cap": -0.24832,
            "loser_consent": 0,
            "conflict_neighbors_count": 0,
            "gdp_growth": -0.009402,
            "cpi_inflation": 0.003158,
            "unemployment": 0,
            "political_violence_ord_lag1": 1.188768,
            "log_refugee_outflow": 0,
            "coup_proof_fragmentation": 0.580569
          },
          "vcov": [
            [0.466523, -0.11177, -0.046338, -0.000093, -0.000343, -0.001284, -0.000241, 0, -0.021812, -0.000071, -0.002871],
            [-0.11177, 0.168247, 0.001184, 0.000041, 0.000108, 0.000982, 0.000197, 0, 0.004742, 0.000022, -0.000581],
            [-0.046338, 0.001184, 0.006819, 0.00002, 1.518585e-06, -0.000037, -3.249174e-06, 0, 0.000473, -5.942788e-06, -0.002981],
            [-0.000093, 0.000041, 0.00002, 0.000056, 5.505356e-08, -6.785513e-07, 2.688926e-06, 0, -0.000032, 1.325454e-06, -0.00009],
            [-0.000343, 0.000108, 1.518585e-06, 5.505356e-08, 0.000013, 5.87086e-07, 1.607082e-06, 0, 0.000038, -2.253887e-06, 0.000063],
            [-0.001284, 0.000982, -0.000037, -6.785513e-07, 5.87086e-07, 0.000112, 2.147987e-06, 0, 0.000079, 1.017379e-06, 0.000137],
            [-0.000241, 0.000197, -3.249174e-06, 2.688926e-06, 1.607082e-06, 2.147987e-06, 0.000017, 0, -0.000025, -4.52729e-07, 0.000021],
            [0, 0, 0, 0, 0, 0, 0, 1e-08, 0, 0, 0],
            [-0.021812, 0.004742, 0.000473, -0.000032, 0.000038, 0.000079, -0.000025, 0, 0.007029, -0.000046, 0.000463],
            [-0.000071, 0.000022, -5.942788e-06, 1.325454e-06, -2.253887e-06, 1.017379e-06, -4.52729e-07, 0, -0.000046, 0.000049, -0.000019],
            [-0.002871, -0.000581, -0.002981, -0.00009, 0.000063, 0.000137, 0.000021, 0, 0.000463, -0.000019, 0.012192]
          ],
          "feature_order": ["(Intercept)", "civil_liberties", "log_gdp_per_cap", "loser_consent", "conflict_neighbors_count", "gdp_growth", "cpi_inflation", "unemployment", "political_violence_ord_lag1", "log_refugee_outflow", "coup_proof_fragmentation"],
          "n_train": 1099,
          "n_events": 426,
          "lambda": 0.003807,
          "n_bootstrap": 500
        },
        "electoral_democracy": {
          "regime_code": 2,
          "coefficients": {
            "(Intercept)": 7.719817,
            "civil_liberties": -16.2135,
            "log_gdp_per_cap": 0,
            "loser_consent": 0,
            "conflict_neighbors_count": 0,
            "gdp_growth": -0.027103,
            "cpi_inflation": 0,
            "unemployment": 0,
            "political_violence_ord_lag1": 1.260051,
            "log_refugee_outflow": 0,
            "coup_proof_fragmentation": 0.933407
          },
          "vcov": [
            [1.80158, -2.131854, 0, -0.000609, 0, -0.001589, 0.00004, 0.000308, -0.062787, 0.000902, -0.011545],
            [-2.131854, 2.861775, 0, 0.000049, 0, -0.000678, -0.000052, -0.000824, 0.034158, -0.00276, -0.060436],
            [0, 0, 1e-08, 0, 0, 0, 0, 0, 0, 0, 0],
            [-0.000609, 0.000049, 0, 0.000299, 0, 0.000016, 1.140938e-07, -8.801205e-06, -0.000117, 1.692795e-06, -0.000083],
            [0, 0, 0, 0, 1e-08, 0, 0, 0, 0, 0, 0],
            [-0.001589, -0.000678, 0, 0.000016, 0, 0.000577, 1.671606e-07, -9.15663e-06, -0.000531, 0.000014, 0.000329],
            [0.00004, -0.000052, 0, 1.140938e-07, 0, 1.671606e-07, 6.225189e-07, -5.811116e-08, -3.859965e-06, 2.325974e-07, 5.957847e-07],
            [0.000308, -0.000824, 0, -8.801205e-06, 0, -9.15663e-06, -5.811116e-08, 0.000022, 0.00005, -1.935053e-06, 0.000072],
            [-0.062787, 0.034158, 0, -0.000117, 0, -0.000531, -3.859965e-06, 0.00005, 0.018715, -0.000037, 0.001751],
            [0.000902, -0.00276, 0, 1.692795e-06, 0, 0.000014, 2.325974e-07, -1.935053e-06, -0.000037, 0.000128, 0.000265],
            [-0.011545, -0.060436, 0, -0.000083, 0, 0.000329, 5.957847e-07, 0.000072, 0.001751, 0.000265, 0.024831]
          ],
          "feature_order": ["(Intercept)", "civil_liberties", "log_gdp_per_cap", "loser_consent", "conflict_neighbors_count", "gdp_growth", "cpi_inflation", "unemployment", "political_violence_ord_lag1", "log_refugee_outflow", "coup_proof_fragmentation"],
          "n_train": 1038,
          "n_events": 195,
          "lambda": 0.003043,
          "n_bootstrap": 500
        },
        "liberal_democracy": {
          "regime_code": 3,
          "coefficients": {
            "(Intercept)": 42.592988,
            "civil_liberties": -48.182722,
            "log_gdp_per_cap": 0,
            "loser_consent": -1.451788,
            "conflict_neighbors_count": 0,
            "gdp_growth": -0.00945,
            "cpi_inflation": 0,
            "unemployment": 0,
            "political_violence_ord_lag1": 1.698647,
            "log_refugee_outflow": 0,
            "coup_proof_fragmentation": 0.855613
          },
          "vcov": [
            [1.267506476627646e+18, -29537957488191412, 130203539506.89844, 72693487.987203, 0, -4.5000367985314694e+17, 13837322314519.324, 22169652639080.293, 283418557007146.81, 68604044940537.672, 582267012283761],
            [-29537957488191412, 34132716102430848, -31325709101.420544, -16122576.347489, 0, -241438588840835.16, -21405718353845.188, -31970738288535.105, -494439517138645.38, -76431001237793.359, -786427309225093.62],
            [130203539506.89844, -31325709101.420544, 1887983894.840531, -2891.201034, 0, -44282336660.022072, 38623805.018852, 47689516.136099, 1056109143.341405, 52941994.634613, 1088439701.993912],
            [72693487.987203, -16122576.347489, -2891.201034, 1.438569, 0, -21362935.200843, 19688.880042, 23006.641769, 509525.647965, 25545.032723, 525090.00383],
            [0, 0, 0, 0, 1e-08, 0, 0, 0, 0, 0, 0],
            [-4.5000367985314694e+17, -241438588840835.16, -44282336660.022072, -21362935.200843, 0, 1.6324432871383261e+17, 301559608465.12036, 349082222472.86975, 7804051023912.9502, 374491493323.19281, 7954286885266.502],
            [13837322314519.324, -21405718353845.188, 38623805.018852, 19688.880042, 0, 301559608465.12036, 84364105591.165176, 92924349036.379242, 2351593536127.4575, -360592070.835623, 1819091539216.3923],
            [22169652639080.293, -31970738288535.105, 47689516.136099, 23006.641769, 0, 349082222472.86975, 92924349036.379242, 124648650158.98427, 2806028194328.8896, 45521246474.100899, 2403791724924.4014],
            [283418557007146.81, -494439517138645.38, 1056109143.341405, 509525.647965, 0, 7804051023912.9502, 2351593536127.4575, 2806028194328.8896, 69190853866060.672, -9331804665.302979, 53335741310422.672],
            [68604044940537.672, -76431001237793.359, 52941994.634613, 25545.032723, 0, 374491493323.19281, -360592070.835623, 45521246474.100899, -9331804665.302979, 233385014521.40439, 1219991069496.5762],
            [582267012283761, -786427309225093.62, 1088439701.993912, 525090.00383, 0, 7954286885266.502, 1819091539216.3923, 2403791724924.4014, 53335741310422.672, 1219991069496.5762, 47599229036762.43]
          ],
          "feature_order": ["(Intercept)", "civil_liberties", "log_gdp_per_cap", "loser_consent", "conflict_neighbors_count", "gdp_growth", "cpi_inflation", "unemployment", "political_violence_ord_lag1", "log_refugee_outflow", "coup_proof_fragmentation"],
          "n_train": 957,
          "n_events": 19,
          "lambda": 0.001692,
          "n_bootstrap": 500
        }
      },
      "pooled": {
        "coefficients": {
          "(Intercept)": -2.313854,
          "civil_liberties": -1.285625,
          "log_gdp_per_cap": -0.241504,
          "loser_consent": 0,
          "conflict_neighbors_count": 0,
          "gdp_growth": -0.013197,
          "cpi_inflation": 0.003598,
          "unemployment": 0,
          "political_violence_ord_lag1": 1.421023,
          "log_refugee_outflow": 0.008639,
          "coup_proof_fragmentation": 0.696066
        },
        "vcov": [
          [0.274442, -0.030787, -0.024568, 3.649164e-06, 0, -0.001313, -0.000321, 0, -0.016865, -0.000767, -0.008732],
          [-0.030787, 0.075248, -0.002655, 4.492732e-06, 0, 0.000609, 0.000116, 0, 0.002133, 0.000243, -0.002812],
          [-0.024568, -0.002655, 0.003098, 1.655966e-07, 0, 0.00006, 0.000018, 0, 0.001065, 0.000023, -0.000235],
          [3.649164e-06, 4.492732e-06, 1.655966e-07, 2.584761e-07, 0, -2.130919e-07, 6.626277e-09, 0, -1.066942e-06, 1.419084e-07, -2.25844e-06],
          [0, 0, 0, 0, 1e-08, 0, 0, 0, 0, 0, 0],
          [-0.001313, 0.000609, 0.00006, -2.130919e-07, 0, 0.000102, 5.686386e-06, 0, 3.878204e-06, 6.244782e-07, -0.000024],
          [-0.000321, 0.000116, 0.000018, 6.626277e-09, 0, 5.686386e-06, 0.000012, 0, 8.351818e-07, 4.650958e-07, -0.000014],
          [0, 0, 0, 0, 0, 0, 0, 1e-08, 0, 0, 0],
          [-0.016865, 0.002133, 0.001065, -1.066942e-06, 0, 3.878204e-06, 8.351818e-07, 0, 0.004313, -0.000092, -0.000329],
          [-0.000767, 0.000243, 0.000023, 1.419084e-07, 0, 6.244782e-07, 4.650958e-07, 0, -0.000092, 0.000087, 0.000097],
          [-0.008732, -0.002812, -0.000235, -2.25844e-06, 0, -0.000024, -0.000014, 0, -0.000329, 0.000097, 0.006598]
        ],
        "feature_order": ["(Intercept)", "civil_liberties", "log_gdp_per_cap", "loser_consent", "conflict_neighbors_count", "gdp_growth", "cpi_inflation", "unemployment", "political_violence_ord_lag1", "log_refugee_outflow", "coup_proof_fragmentation"],
        "lambda": 0.000868,
        "n_train": 3320,
        "n_events": 660,
        "n_bootstrap": 500
      },
      "train_years": [1996, 2022]
    }
  }
}
