{
  "model_version": "unrest-risk-v0.8-mob-lag",
  "fitted_at": "2026-05-17",
  "features": ["civil_liberties", "log_gdp_per_cap", "loser_consent", "conflict_neighbors_count", "gdp_growth", "cpi_inflation", "unemployment", "political_violence_ord_lag1", "mass_mobilization_ord_lag1", "log_refugee_outflow", "coup_proof_fragmentation"],
  "feature_labels": {
    "civil_liberties": "Civil liberties",
    "log_gdp_per_cap": "GDP per capita",
    "loser_consent": "Loser consent",
    "conflict_neighbors_count": "Regional conflict",
    "gdp_growth": "GDP growth",
    "cpi_inflation": "Inflation",
    "unemployment": "Unemployment",
    "political_violence_ord_lag1": "Political violence (prior year)",
    "mass_mobilization_ord_lag1": "Mass mobilization (prior year)",
    "log_refugee_outflow": "Refugee outflow (log)",
    "coup_proof_fragmentation": "Coup-proofing fragmentation"
  },
  "feature_direction": {
    "civil_liberties": -1,
    "log_gdp_per_cap": -1,
    "loser_consent": -1,
    "conflict_neighbors_count": 1,
    "gdp_growth": -1,
    "cpi_inflation": 1,
    "unemployment": 1,
    "political_violence_ord_lag1": 1,
    "mass_mobilization_ord_lag1": 1,
    "log_refugee_outflow": 1,
    "coup_proof_fragmentation": 1
  },
  "tiers": {
    "mobilization": {
      "strata": {
        "closed_autocracy": {
          "regime_code": 0,
          "coefficients": {
            "(Intercept)": -4.03417,
            "civil_liberties": 0,
            "log_gdp_per_cap": 0,
            "loser_consent": 0,
            "conflict_neighbors_count": 0,
            "gdp_growth": -0.016159,
            "cpi_inflation": 0,
            "unemployment": 0,
            "political_violence_ord_lag1": 0.124377,
            "mass_mobilization_ord_lag1": 0,
            "log_refugee_outflow": 0,
            "coup_proof_fragmentation": 0
          },
          "vcov": [
            [0.324112, -0.012088, 0, 0.000969, -0.001609, -0.011564, -0.000978, -0.005738, -0.042353, 0, -0.000813, -0.029835],
            [-0.012088, 0.029747, 0, -0.000086, 0.000066, -0.000088, 0.00008, 0.000411, -0.003254, 0, 0.000062, 0.002096],
            [0, 0, 1e-08, 0, 0, 0, 0, 0, 0, 0, 0, 0],
            [0.000969, -0.000086, 0, 0.000283, -0.000094, -0.000055, 4.979805e-06, -0.000122, 0.000291, 0, -0.000021, -0.000184],
            [-0.001609, 0.000066, 0, -0.000094, 0.000143, 0.000047, -2.873538e-06, 0.000089, -0.000058, 0, 5.278348e-06, 0.000149],
            [-0.011564, -0.000088, 0, -0.000055, 0.000047, 0.002381, 0.000054, 0.000182, 0.002939, 0, -0.000107, 0.001017],
            [-0.000978, 0.00008, 0, 4.979805e-06, -2.873538e-06, 0.000054, 0.000065, 9.05722e-06, -0.000257, 0, -8.273746e-06, 0.000269],
            [-0.005738, 0.000411, 0, -0.000122, 0.000089, 0.000182, 9.05722e-06, 0.000621, -0.001452, 0, 0.000086, 0.000658],
            [-0.042353, -0.003254, 0, 0.000291, -0.000058, 0.002939, -0.000257, -0.001452, 0.038675, 0, -0.000442, -0.006529],
            [0, 0, 0, 0, 0, 0, 0, 0, 0, 1e-08, 0, 0],
            [-0.000813, 0.000062, 0, -0.000021, 5.278348e-06, -0.000107, -8.273746e-06, 0.000086, -0.000442, 0, 0.000197, -0.000137],
            [-0.029835, 0.002096, 0, -0.000184, 0.000149, 0.001017, 0.000269, 0.000658, -0.006529, 0, -0.000137, 0.016349]
          ],
          "feature_order": ["(Intercept)", "civil_liberties", "log_gdp_per_cap", "loser_consent", "conflict_neighbors_count", "gdp_growth", "cpi_inflation", "unemployment", "political_violence_ord_lag1", "mass_mobilization_ord_lag1", "log_refugee_outflow", "coup_proof_fragmentation"],
          "n_train": 262,
          "n_events": 5,
          "lambda": 0.017157,
          "n_bootstrap": 500
        },
        "electoral_autocracy": {
          "regime_code": 1,
          "coefficients": {
            "(Intercept)": -4.085803,
            "civil_liberties": 0,
            "log_gdp_per_cap": 0,
            "loser_consent": 0,
            "conflict_neighbors_count": 0,
            "gdp_growth": -0.036311,
            "cpi_inflation": 0,
            "unemployment": 0.044091,
            "political_violence_ord_lag1": 0,
            "mass_mobilization_ord_lag1": 0.227,
            "log_refugee_outflow": 0.037856,
            "coup_proof_fragmentation": 0
          },
          "vcov": [
            [0.214762, 0, -0.005144, -0.002195, -0.001271, -0.002607, 0.000036, -0.005676, 0.000036, -0.033367, -0.002952, -5.678404e-07],
            [0, 1e-08, 0, 0, 0, 0, 0, 0, 0, 0, 0, 0],
            [-0.005144, 0, 0.000576, -0.000027, -0.000046, -6.735503e-06, -1.104453e-06, 0.000048, 6.645463e-06, 0.000223, 0.000031, 2.589412e-07],
            [-0.002195, 0, -0.000027, 0.000767, 0.000034, -0.000036, 1.108505e-06, 0.000074, -9.214196e-06, -0.000226, 0.00005, 2.866305e-07],
            [-0.001271, 0, -0.000046, 0.000034, 0.000221, -0.000015, -4.514182e-07, -0.000038, 0.00006, 0.000173, -0.000011, -3.803175e-07],
            [-0.002607, 0, -6.735503e-06, -0.000036, -0.000015, 0.000371, 1.989843e-06, 0.000102, -0.000038, 0.00033, 0.000019, 8.078578e-07],
            [0.000036, 0, -1.104453e-06, 1.108505e-06, -4.514182e-07, 1.989843e-06, 9.662104e-07, -1.592605e-06, -6.43268e-07, -8.501805e-06, -1.241458e-06, -8.731992e-09],
            [-0.005676, 0, 0.000048, 0.000074, -0.000038, 0.000102, -1.592605e-06, 0.000414, -0.000058, 0.000365, 0.000042, 5.219535e-07],
            [0.000036, 0, 6.645463e-06, -9.214196e-06, 0.00006, -0.000038, -6.43268e-07, -0.000058, 0.000406, -0.000206, -0.000028, -1.855852e-07],
            [-0.033367, 0, 0.000223, -0.000226, 0.000173, 0.00033, -8.501805e-06, 0.000365, -0.000206, 0.011411, -0.000121, -5.14243e-06],
            [-0.002952, 0, 0.000031, 0.00005, -0.000011, 0.000019, -1.241458e-06, 0.000042, -0.000028, -0.000121, 0.000436, 7.527891e-07],
            [-5.678404e-07, 0, 2.589412e-07, 2.866305e-07, -3.803175e-07, 8.078578e-07, -8.731992e-09, 5.219535e-07, -1.855852e-07, -5.14243e-06, 7.527891e-07, 8.446377e-07]
          ],
          "feature_order": ["(Intercept)", "civil_liberties", "log_gdp_per_cap", "loser_consent", "conflict_neighbors_count", "gdp_growth", "cpi_inflation", "unemployment", "political_violence_ord_lag1", "mass_mobilization_ord_lag1", "log_refugee_outflow", "coup_proof_fragmentation"],
          "n_train": 1435,
          "n_events": 62,
          "lambda": 0.002602,
          "n_bootstrap": 500
        },
        "electoral_democracy": {
          "regime_code": 2,
          "coefficients": {
            "(Intercept)": -3.311923,
            "civil_liberties": 0,
            "log_gdp_per_cap": 0,
            "loser_consent": -0.150806,
            "conflict_neighbors_count": 0.024843,
            "gdp_growth": -0.050737,
            "cpi_inflation": 0,
            "unemployment": 0.064442,
            "political_violence_ord_lag1": 0,
            "mass_mobilization_ord_lag1": 0.115409,
            "log_refugee_outflow": 0.048297,
            "coup_proof_fragmentation": 0.21359
          },
          "vcov": [
            [0.448882, 0, 0, -0.076684, -0.007235, -0.00116, -0.000189, -0.002124, 0, -0.018175, -0.002953, -0.03034],
            [0, 1e-08, 0, 0, 0, 0, 0, 0, 0, 0, 0, 0],
            [0, 0, 1e-08, 0, 0, 0, 0, 0, 0, 0, 0, 0],
            [-0.076684, 0, 0, 0.021259, 0.000994, 0.000109, 5.622476e-07, -0.000261, 0, -0.000147, 0.000023, -0.001194],
            [-0.007235, 0, 0, 0.000994, 0.000524, 0.00001, 6.710487e-06, -0.000031, 0, 0.000588, 0.000174, -0.000476],
            [-0.00116, 0, 0, 0.000109, 0.00001, 0.000542, -1.236087e-06, 9.611811e-06, 0, -0.000244, 0.000011, -0.000256],
            [-0.000189, 0, 0, 5.622476e-07, 6.710487e-06, -1.236087e-06, 0.000013, -7.364093e-07, 0, 0.000019, -3.526438e-06, 0.000018],
            [-0.002124, 0, 0, -0.000261, -0.000031, 9.611811e-06, -7.364093e-07, 0.000194, 0, 0.000104, -0.000043, 0.000659],
            [0, 0, 0, 0, 0, 0, 0, 0, 1e-08, 0, 0, 0],
            [-0.018175, 0, 0, -0.000147, 0.000588, -0.000244, 0.000019, 0.000104, 0, 0.00769, 0.000284, -0.001285],
            [-0.002953, 0, 0, 0.000023, 0.000174, 0.000011, -3.526438e-06, -0.000043, 0, 0.000284, 0.000537, -0.000605],
            [-0.03034, 0, 0, -0.001194, -0.000476, -0.000256, 0.000018, 0.000659, 0, -0.001285, -0.000605, 0.020148]
          ],
          "feature_order": ["(Intercept)", "civil_liberties", "log_gdp_per_cap", "loser_consent", "conflict_neighbors_count", "gdp_growth", "cpi_inflation", "unemployment", "political_violence_ord_lag1", "mass_mobilization_ord_lag1", "log_refugee_outflow", "coup_proof_fragmentation"],
          "n_train": 1224,
          "n_events": 98,
          "lambda": 0.000682,
          "n_bootstrap": 500
        },
        "liberal_democracy": {
          "regime_code": 3,
          "coefficients": {
            "(Intercept)": -2.71122,
            "civil_liberties": 0,
            "log_gdp_per_cap": 0,
            "loser_consent": 0,
            "conflict_neighbors_count": 0,
            "gdp_growth": 0,
            "cpi_inflation": 0,
            "unemployment": 0,
            "political_violence_ord_lag1": 0,
            "mass_mobilization_ord_lag1": 0,
            "log_refugee_outflow": 0,
            "coup_proof_fragmentation": 0
          },
          "vcov": [
            [0.274625, -0.287143, 0, -0.001421, -0.000015, 0, 0, 0, 0, 0, -0.000032, 0],
            [-0.287143, 0.306862, 0, -0.000064, 5.822047e-06, 0, 0, 0, 0, 0, 0.000022, 0],
            [0, 0, 1e-08, 0, 0, 0, 0, 0, 0, 0, 0, 0],
            [-0.001421, -0.000064, 0, 0.000372, 6.786078e-08, 0, 0, 0, 0, 0, 2.614706e-07, 0],
            [-0.000015, 5.822047e-06, 0, 6.786078e-08, 3.095049e-06, 0, 0, 0, 0, 0, -2.382131e-08, 0],
            [0, 0, 0, 0, 0, 1e-08, 0, 0, 0, 0, 0, 0],
            [0, 0, 0, 0, 0, 0, 1e-08, 0, 0, 0, 0, 0],
            [0, 0, 0, 0, 0, 0, 0, 1e-08, 0, 0, 0, 0],
            [0, 0, 0, 0, 0, 0, 0, 0, 1e-08, 0, 0, 0],
            [0, 0, 0, 0, 0, 0, 0, 0, 0, 1e-08, 0, 0],
            [-0.000032, 0.000022, 0, 2.614706e-07, -2.382131e-08, 0, 0, 0, 0, 0, 0.00001, 0],
            [0, 0, 0, 0, 0, 0, 0, 0, 0, 0, 0, 1e-08]
          ],
          "feature_order": ["(Intercept)", "civil_liberties", "log_gdp_per_cap", "loser_consent", "conflict_neighbors_count", "gdp_growth", "cpi_inflation", "unemployment", "political_violence_ord_lag1", "mass_mobilization_ord_lag1", "log_refugee_outflow", "coup_proof_fragmentation"],
          "n_train": 1011,
          "n_events": 63,
          "lambda": 0.021418,
          "n_bootstrap": 500
        }
      },
      "pooled": {
        "coefficients": {
          "(Intercept)": -3.189366,
          "civil_liberties": 0,
          "log_gdp_per_cap": 0,
          "loser_consent": 0,
          "conflict_neighbors_count": 0,
          "gdp_growth": -0.040622,
          "cpi_inflation": 0,
          "unemployment": 0.045535,
          "political_violence_ord_lag1": 0,
          "mass_mobilization_ord_lag1": 0,
          "log_refugee_outflow": 0.031139,
          "coup_proof_fragmentation": 0
        },
        "vcov": [
          [0.019962, 0, 0, 0, -0.000184, -0.000667, -3.535308e-06, -0.001159, 0, -0.000405, -0.000963, -0.000472],
          [0, 1e-08, 0, 0, 0, 0, 0, 0, 0, 0, 0, 0],
          [0, 0, 1e-08, 0, 0, 0, 0, 0, 0, 0, 0, 0],
          [0, 0, 0, 1e-08, 0, 0, 0, 0, 0, 0, 0, 0],
          [-0.000184, 0, 0, 0, 0.000041, -3.294391e-06, -2.242179e-07, -5.068302e-06, 0, 0.000012, 3.525514e-06, 1.898843e-07],
          [-0.000667, 0, 0, 0, -3.294391e-06, 0.000151, -2.052205e-07, 0.000026, 0, -9.344958e-06, 0.000013, -0.000011],
          [-3.535308e-06, 0, 0, 0, -2.242179e-07, -2.052205e-07, 2.330487e-07, 9.319754e-08, 0, 7.156661e-07, 2.298551e-07, 7.404619e-08],
          [-0.001159, 0, 0, 0, -5.068302e-06, 0.000026, 9.319754e-08, 0.000112, 0, -0.000016, 9.820988e-06, 9.889727e-06],
          [0, 0, 0, 0, 0, 0, 0, 0, 1e-08, 0, 0, 0],
          [-0.000405, 0, 0, 0, 0.000012, -9.344958e-06, 7.156661e-07, -0.000016, 0, 0.000197, 0.000025, 6.984274e-06],
          [-0.000963, 0, 0, 0, 3.525514e-06, 0.000013, 2.298551e-07, 9.820988e-06, 0, 0.000025, 0.000173, 5.097005e-07],
          [-0.000472, 0, 0, 0, 1.898843e-07, -0.000011, 7.404619e-08, 9.889727e-06, 0, 6.984274e-06, 5.097005e-07, 0.000217]
        ],
        "feature_order": ["(Intercept)", "civil_liberties", "log_gdp_per_cap", "loser_consent", "conflict_neighbors_count", "gdp_growth", "cpi_inflation", "unemployment", "political_violence_ord_lag1", "mass_mobilization_ord_lag1", "log_refugee_outflow", "coup_proof_fragmentation"],
        "lambda": 0.000912,
        "n_train": 3932,
        "n_events": 228,
        "n_bootstrap": 500
      },
      "train_years": [1996, 2025]
    },
    "violence": {
      "strata": {
        "closed_autocracy": {
          "regime_code": 0,
          "coefficients": {
            "(Intercept)": 2.035853,
            "civil_liberties": 0,
            "log_gdp_per_cap": -1.179842,
            "loser_consent": 0,
            "conflict_neighbors_count": 0.054279,
            "gdp_growth": 0,
            "cpi_inflation": 0.020053,
            "unemployment": 0.018373,
            "political_violence_ord_lag1": 2.281525,
            "mass_mobilization_ord_lag1": 0,
            "log_refugee_outflow": 0,
            "coup_proof_fragmentation": 0
          },
          "vcov": [
            [4.159358, 0.093426, -0.459275, -0.075407, 0.06685, -0.006032, -0.017443, -0.023618, -0.008931, 0, -0.000042, -0.001252],
            [0.093426, 0.068715, -0.01632, -0.002472, 0.003668, 0.00005, 0.00032, -0.002543, 0.009616, 0, 2.74929e-06, 0.000093],
            [-0.459275, -0.01632, 0.061619, 0.006439, -0.010127, -0.000047, 0.001465, 0.002716, -0.021507, 0, 3.165424e-06, 0.000234],
            [-0.075407, -0.002472, 0.006439, 0.01187, -0.002485, -0.000087, 0.000956, 0.000291, 0.000158, 0, -2.584284e-06, 0.000087],
            [0.06685, 0.003668, -0.010127, -0.002485, 0.009883, -0.000255, -0.000159, -0.000774, -0.00321, 0, -4.49364e-06, -0.000096],
            [-0.006032, 0.00005, -0.000047, -0.000087, -0.000255, 0.000735, 0.000099, 0.000105, 0.002329, 0, 7.680065e-07, -0.000026],
            [-0.017443, 0.00032, 0.001465, 0.000956, -0.000159, 0.000099, 0.000653, -0.000138, -0.00017, 0, -1.169558e-06, 0.000024],
            [-0.023618, -0.002543, 0.002716, 0.000291, -0.000774, 0.000105, -0.000138, 0.000662, -0.00048, 0, -9.143539e-07, 0.000038],
            [-0.008931, 0.009616, -0.021507, 0.000158, -0.00321, 0.002329, -0.00017, -0.00048, 0.069142, 0, 8.401966e-06, -0.000606],
            [0, 0, 0, 0, 0, 0, 0, 0, 0, 1e-08, 0, 0],
            [-0.000042, 2.74929e-06, 3.165424e-06, -2.584284e-06, -4.49364e-06, 7.680065e-07, -1.169558e-06, -9.143539e-07, 8.401966e-06, 0, 1.317437e-06, -9.63956e-08],
            [-0.001252, 0.000093, 0.000234, 0.000087, -0.000096, -0.000026, 0.000024, 0.000038, -0.000606, 0, -9.63956e-08, 0.000522]
          ],
          "feature_order": ["(Intercept)", "civil_liberties", "log_gdp_per_cap", "loser_consent", "conflict_neighbors_count", "gdp_growth", "cpi_inflation", "unemployment", "political_violence_ord_lag1", "mass_mobilization_ord_lag1", "log_refugee_outflow", "coup_proof_fragmentation"],
          "n_train": 227,
          "n_events": 20,
          "lambda": 0.009747,
          "n_bootstrap": 500
        },
        "electoral_autocracy": {
          "regime_code": 1,
          "coefficients": {
            "(Intercept)": -0.89871,
            "civil_liberties": -2.257335,
            "log_gdp_per_cap": -0.297499,
            "loser_consent": 0,
            "conflict_neighbors_count": 0,
            "gdp_growth": -0.00305,
            "cpi_inflation": 0.000819,
            "unemployment": 0,
            "political_violence_ord_lag1": 0.965403,
            "mass_mobilization_ord_lag1": 0.409225,
            "log_refugee_outflow": 0,
            "coup_proof_fragmentation": 0.511632
          },
          "vcov": [
            [0.450789, -0.07863, -0.047285, 0.000103, -0.000062, -0.000379, -0.000225, 0, -0.023579, 0.004161, -0.000415, -0.003089],
            [-0.07863, 0.196228, 0.000921, 0.000058, 5.375911e-06, -0.000014, 0.000184, 0, 0.010587, -0.020244, -0.000015, -0.005454],
            [-0.047285, 0.000921, 0.006652, -0.000017, 2.177046e-06, -0.000029, 0.000015, 0, 0.001218, -0.000454, 0.000028, -0.002508],
            [0.000103, 0.000058, -0.000017, 0.000017, -9.255152e-08, -1.582779e-06, 4.699375e-07, 0, 0.000018, -0.000028, -3.72548e-06, 1.161669e-06],
            [-0.000062, 5.375911e-06, 2.177046e-06, -9.255152e-08, 2.123985e-06, -4.546001e-07, 2.159234e-07, 0, 0.000013, -8.028495e-06, -4.007028e-07, 0.000013],
            [-0.000379, -0.000014, -0.000029, -1.582779e-06, -4.546001e-07, 0.000056, -1.148286e-06, 0, -0.000102, 0.000167, 6.553234e-07, 0.000102],
            [-0.000225, 0.000184, 0.000015, 4.699375e-07, 2.159234e-07, -1.148286e-06, 0.000011, 0, -0.000013, -4.869265e-06, -3.194694e-07, -0.000027],
            [0, 0, 0, 0, 0, 0, 0, 1e-08, 0, 0, 0, 0],
            [-0.023579, 0.010587, 0.001218, 0.000018, 0.000013, -0.000102, -0.000013, 0, 0.007857, -0.00372, -0.000048, 0.00053],
            [0.004161, -0.020244, -0.000454, -0.000028, -8.028495e-06, 0.000167, -4.869265e-06, 0, -0.00372, 0.007808, 0.000048, -0.000148],
            [-0.000415, -0.000015, 0.000028, -3.72548e-06, -4.007028e-07, 6.553234e-07, -3.194694e-07, 0, -0.000048, 0.000048, 0.000039, 0.000014],
            [-0.003089, -0.005454, -0.002508, 1.161669e-06, 0.000013, 0.000102, -0.000027, 0, 0.00053, -0.000148, 0.000014, 0.012382]
          ],
          "feature_order": ["(Intercept)", "civil_liberties", "log_gdp_per_cap", "loser_consent", "conflict_neighbors_count", "gdp_growth", "cpi_inflation", "unemployment", "political_violence_ord_lag1", "mass_mobilization_ord_lag1", "log_refugee_outflow", "coup_proof_fragmentation"],
          "n_train": 1100,
          "n_events": 426,
          "lambda": 0.004584,
          "n_bootstrap": 500
        },
        "electoral_democracy": {
          "regime_code": 2,
          "coefficients": {
            "(Intercept)": 7.859539,
            "civil_liberties": -17.360331,
            "log_gdp_per_cap": 0,
            "loser_consent": 0,
            "conflict_neighbors_count": 0,
            "gdp_growth": -0.028195,
            "cpi_inflation": 0,
            "unemployment": 0,
            "political_violence_ord_lag1": 1.099377,
            "mass_mobilization_ord_lag1": 0.480909,
            "log_refugee_outflow": 0.008958,
            "coup_proof_fragmentation": 0.847111
          },
          "vcov": [
            [1.686299, -1.991849, 0, 0.000024, 0, -0.000821, -0.000045, -0.000502, -0.057302, -0.004995, 0.001679, -0.005283],
            [-1.991849, 2.890716, 0, 0.000431, 0, 0.001239, 0.000056, -0.001038, 0.035906, -0.041632, -0.005243, -0.084837],
            [0, 0, 1e-08, 0, 0, 0, 0, 0, 0, 0, 0, 0],
            [0.000024, 0.000431, 0, 0.000156, 0, -0.00003, 1.854666e-07, -5.519957e-06, -0.000068, 0.00005, -0.000017, -0.000337],
            [0, 0, 0, 0, 1e-08, 0, 0, 0, 0, 0, 0, 0],
            [-0.000821, 0.001239, 0, -0.00003, 0, 0.000793, -4.033459e-07, -0.000015, -0.000886, -0.000649, 0.000063, 0.000012],
            [-0.000045, 0.000056, 0, 1.854666e-07, 0, -4.033459e-07, 1.32056e-06, -4.503461e-07, 1.151452e-06, 6.491163e-06, 9.662896e-07, -0.000013],
            [-0.000502, -0.001038, 0, -5.519957e-06, 0, -0.000015, -4.503461e-07, 0.000066, 0.000104, 0.000167, -0.000016, 0.000144],
            [-0.057302, 0.035906, 0, -0.000068, 0, -0.000886, 1.151452e-06, 0.000104, 0.020106, 0.00055, -0.000256, -0.002718],
            [-0.004995, -0.041632, 0, 0.00005, 0, -0.000649, 6.491163e-06, 0.000167, 0.00055, 0.013211, 0.000072, 0.00111],
            [0.001679, -0.005243, 0, -0.000017, 0, 0.000063, 9.662896e-07, -0.000016, -0.000256, 0.000072, 0.000262, 0.000587],
            [-0.005283, -0.084837, 0, -0.000337, 0, 0.000012, -0.000013, 0.000144, -0.002718, 0.00111, 0.000587, 0.032366]
          ],
          "feature_order": ["(Intercept)", "civil_liberties", "log_gdp_per_cap", "loser_consent", "conflict_neighbors_count", "gdp_growth", "cpi_inflation", "unemployment", "political_violence_ord_lag1", "mass_mobilization_ord_lag1", "log_refugee_outflow", "coup_proof_fragmentation"],
          "n_train": 1038,
          "n_events": 195,
          "lambda": 0.002097,
          "n_bootstrap": 500
        },
        "liberal_democracy": {
          "regime_code": 3,
          "coefficients": {
            "(Intercept)": 40.381314,
            "civil_liberties": -47.181012,
            "log_gdp_per_cap": 0,
            "loser_consent": -1.184044,
            "conflict_neighbors_count": 0,
            "gdp_growth": 0,
            "cpi_inflation": 0,
            "unemployment": 0,
            "political_violence_ord_lag1": 1.504553,
            "mass_mobilization_ord_lag1": 0.24039,
            "log_refugee_outflow": 0,
            "coup_proof_fragmentation": 0.767121
          },
          "vcov": [
            [39270190712656008, -43785453427031368, 246790936.78609, 10160965.020055, 0, 470498592.599746, 754977731.364135, -20985118.185691, 3919014109271975.5, 172927475791812.72, 134834169331034.31, 404513242554454.81],
            [-43785453427031368, 48819886497825064, -279968272.924126, -11327854.634486, 0, -524591378.297827, -793928612.956, 23809306.491335, -4369629168795414.5, -192811916345782.34, -150337664216464.69, -451025089222993.38],
            [246790936.78609, -279968272.924126, 535426.087229, -37.331936, 0, -1837.991981, 4128.36967, -45866.418597, 28831156.118202, 1199277.246317, 1003959.996086, 1949651.750215],
            [10160965.020055, -11327854.634486, -37.331936, 1.39401, 0, -63.127129, 141.868685, 3.178318, 1003473.212526, 45099.427229, 34500.41904, 103861.34523],
            [0, 0, 0, 0, 1e-08, 0, 0, 0, 0, 0, 0, 0],
            [470498592.599746, -524591378.297827, -1837.991981, -63.127129, 0, 1114880.683209, -348754.565346, 156.480604, 49404850.72685, 2220430.784853, 1698585.748184, 4628710.13107],
            [754977731.364135, -793928612.956, 4128.36967, 141.868685, 0, -348754.565346, 6141262.009329, -351.475843, -110969737.335039, -4987377.105266, -3815245.091236, -11485660.829575],
            [-20985118.185691, 23809306.491335, -45866.418597, 3.178318, 0, 156.480604, -351.475843, 3929.224973, -2454397.633953, -102042.695414, -85473.858767, -165420.527373],
            [3919014109271975.5, -4369629168795414.5, 28831156.118202, 1003473.212526, 0, 49404850.72685, -110969737.335039, -2454397.633953, 391121180865921.88, 17258460342661.316, 13456620124763.221, 40370899211705.57],
            [172927475791812.72, -192811916345782.34, 1199277.246317, 45099.427229, 0, 2220430.784853, -4987377.105266, -102042.695414, 17258460342661.316, 761780401314.2312, 593781749014.37781, 1781426375777.1519],
            [134834169331034.31, -150337664216464.69, 1003959.996086, 34500.41904, 0, 1698585.748184, -3815245.091236, -85473.858767, 13456620124763.221, 593781749014.37781, 462978491330.0708, 1388971150337.5864],
            [404513242554454.81, -451025089222993.38, 1949651.750215, 103861.34523, 0, 4628710.13107, -11485660.829575, -165420.527373, 40370899211705.57, 1781426375777.1519, 1388971150337.5864, 4167033849024.332]
          ],
          "feature_order": ["(Intercept)", "civil_liberties", "log_gdp_per_cap", "loser_consent", "conflict_neighbors_count", "gdp_growth", "cpi_inflation", "unemployment", "political_violence_ord_lag1", "mass_mobilization_ord_lag1", "log_refugee_outflow", "coup_proof_fragmentation"],
          "n_train": 947,
          "n_events": 19,
          "lambda": 0.001868,
          "n_bootstrap": 500
        }
      },
      "pooled": {
        "coefficients": {
          "(Intercept)": -2.189512,
          "civil_liberties": -1.913956,
          "log_gdp_per_cap": -0.252131,
          "loser_consent": 0,
          "conflict_neighbors_count": 0,
          "gdp_growth": -0.007061,
          "cpi_inflation": 0.001657,
          "unemployment": 0,
          "political_violence_ord_lag1": 1.238218,
          "mass_mobilization_ord_lag1": 0.354979,
          "log_refugee_outflow": 0.010536,
          "coup_proof_fragmentation": 0.631329
        },
        "vcov": [
          [0.258122, -0.029276, -0.023185, -8.894127e-06, 0, -0.001165, -0.000077, 0, -0.012222, -0.004728, -0.000983, -0.006798],
          [-0.029276, 0.08454, -0.002022, 1.751956e-06, 0, 0.00031, 0.000128, 0, 0.00469, -0.007563, 0.00039, -0.002496],
          [-0.023185, -0.002022, 0.002987, 2.057951e-07, 0, 0.000051, -4.982885e-06, 0, 0.000694, 0.000404, 0.000036, -0.000599],
          [-8.894127e-06, 1.751956e-06, 2.057951e-07, 2.518045e-07, 0, -1.903143e-07, 2.733231e-08, 0, 9.842188e-07, 8.782357e-08, 1.661368e-07, 1.432825e-06],
          [0, 0, 0, 0, 1e-08, 0, 0, 0, 0, 0, 0, 0],
          [-0.001165, 0.00031, 0.000051, -1.903143e-07, 0, 0.000062, 9.86809e-08, 0, 2.190823e-06, 0.00003, 7.012915e-06, 0.000092],
          [-0.000077, 0.000128, -4.982885e-06, 2.733231e-08, 0, 9.86809e-08, 8.545174e-06, 0, -8.768918e-06, -0.000015, 1.591909e-06, 9.687633e-07],
          [0, 0, 0, 0, 0, 0, 0, 1e-08, 0, 0, 0, 0],
          [-0.012222, 0.00469, 0.000694, 9.842188e-07, 0, 2.190823e-06, -8.768918e-06, 0, 0.004261, -0.001187, -0.000138, -0.000432],
          [-0.004728, -0.007563, 0.000404, 8.782357e-08, 0, 0.00003, -0.000015, 0, -0.001187, 0.003318, 0.000063, 0.000313],
          [-0.000983, 0.00039, 0.000036, 1.661368e-07, 0, 7.012915e-06, 1.591909e-06, 0, -0.000138, 0.000063, 0.000102, 0.000013],
          [-0.006798, -0.002496, -0.000599, 1.432825e-06, 0, 0.000092, 9.687633e-07, 0, -0.000432, 0.000313, 0.000013, 0.006426]
        ],
        "feature_order": ["(Intercept)", "civil_liberties", "log_gdp_per_cap", "loser_consent", "conflict_neighbors_count", "gdp_growth", "cpi_inflation", "unemployment", "political_violence_ord_lag1", "mass_mobilization_ord_lag1", "log_refugee_outflow", "coup_proof_fragmentation"],
        "lambda": 0.001517,
        "n_train": 3312,
        "n_events": 660,
        "n_bootstrap": 500
      },
      "train_years": [1996, 2025]
    }
  }
}
