{
  "model_version": "unrest-risk-v0.2-ridge",
  "fitted_at": "2026-05-17",
  "train_years": [1995, 2022],
  "winsorize_bound": 3,
  "features": ["civil_liberties", "fariss_hr_score", "polity2", "z_gdp_growth", "z_cpi_inflation", "z_unemployment", "z_political_violence_ord", "z_refugee_outflow", "z_ffpi_avg", "z_coup_proof_fragmentation", "cpi_imputed"],
  "feature_labels": {
    "civil_liberties": "Civil liberties",
    "fariss_hr_score": "Human rights protection",
    "polity2": "Polity score",
    "z_gdp_growth": "GDP growth",
    "z_cpi_inflation": "Inflation",
    "z_unemployment": "Unemployment",
    "z_political_violence_ord": "Political violence",
    "z_refugee_outflow": "Refugee outflow",
    "z_ffpi_avg": "Global food prices",
    "z_coup_proof_fragmentation": "Coup-proofing fragmentation",
    "cpi_imputed": "Inflation imputed (flag)"
  },
  "feature_direction": {
    "civil_liberties": -1,
    "fariss_hr_score": -1,
    "polity2": -1,
    "z_gdp_growth": -1,
    "z_cpi_inflation": 1,
    "z_unemployment": 1,
    "z_political_violence_ord": 1,
    "z_refugee_outflow": 1,
    "z_ffpi_avg": 1,
    "z_coup_proof_fragmentation": -1,
    "cpi_imputed": 0
  },
  "strata": {
    "closed_autocracy": {
      "regime_code": 0,
      "coefficients": {
        "(Intercept)": -1.61526,
        "civil_liberties": -0.377794,
        "fariss_hr_score": -1.209031,
        "polity2": 0.077582,
        "z_gdp_growth": -0.109907,
        "z_cpi_inflation": 0.096165,
        "z_unemployment": -0.090692,
        "z_political_violence_ord": 0.172529,
        "z_refugee_outflow": -0.060319,
        "z_ffpi_avg": -0.138135,
        "z_coup_proof_fragmentation": 0.115317,
        "cpi_imputed": -0.311568
      },
      "vcov": [
        [0.034697, -0.0595, 0.007155, 0.001249, 0.000703, -0.00096, -0.000627, 0.000152, -0.000628, 0.002589, 0.000756, -0.013349],
        [-0.0595, 0.1414, -0.009032, -0.002064, -0.002824, -0.000967, 0.002689, -0.001443, -0.000665, -0.000283, -0.002305, 0.013818],
        [0.007155, -0.009032, 0.005496, -0.00017, -0.000499, -0.000019, 0.000239, 0.000571, 0.000051, -0.000396, -0.000295, -0.000326],
        [0.001249, -0.002064, -0.00017, 0.000237, 0.000133, 0.000171, -0.000061, 0.000039, -0.000129, 0.000104, -0.000034, 0.000258],
        [0.000703, -0.002824, -0.000499, 0.000133, 0.007613, 0.001304, 0.001287, 0.000742, -0.000246, -0.000475, 0.000314, 0.00007],
        [-0.00096, -0.000967, -0.000019, 0.000171, 0.001304, 0.005869, 0.001026, 0.000291, -0.000443, -0.000782, -0.000087, 0.002221],
        [-0.000627, 0.002689, 0.000239, -0.000061, 0.001287, 0.001026, 0.005889, 0.00034, -0.00105, 0.000274, 0.000131, -0.000162],
        [0.000152, -0.001443, 0.000571, 0.000039, 0.000742, 0.000291, 0.00034, 0.00787, -0.000744, 0.00008, -0.000183, -0.001649],
        [-0.000628, -0.000665, 0.000051, -0.000129, -0.000246, -0.000443, -0.00105, -0.000744, 0.006921, -0.002118, -0.00104, -0.001765],
        [0.002589, -0.000283, -0.000396, 0.000104, -0.000475, -0.000782, 0.000274, 0.00008, -0.002118, 0.007273, 0.000734, -0.000399],
        [0.000756, -0.002305, -0.000295, -0.000034, 0.000314, -0.000087, 0.000131, -0.000183, -0.00104, 0.000734, 0.00675, -0.002594],
        [-0.013349, 0.013818, -0.000326, 0.000258, 0.00007, 0.002221, -0.000162, -0.001649, -0.001765, -0.000399, -0.002594, 0.050683]
      ],
      "feature_order": ["(Intercept)", "civil_liberties", "fariss_hr_score", "polity2", "z_gdp_growth", "z_cpi_inflation", "z_unemployment", "z_political_violence_ord", "z_refugee_outflow", "z_ffpi_avg", "z_coup_proof_fragmentation", "cpi_imputed"],
      "n_train": 752,
      "n_events": 174,
      "lambda": 0.023764,
      "n_bootstrap": 500
    },
    "electoral_autocracy": {
      "regime_code": 1,
      "coefficients": {
        "(Intercept)": -1.704499,
        "civil_liberties": 0.289508,
        "fariss_hr_score": -1.375888,
        "polity2": 0.058623,
        "z_gdp_growth": 0.003284,
        "z_cpi_inflation": -0.007495,
        "z_unemployment": 0.054236,
        "z_political_violence_ord": 0.200158,
        "z_refugee_outflow": -0.03648,
        "z_ffpi_avg": 0.085568,
        "z_coup_proof_fragmentation": -0.043538,
        "cpi_imputed": -0.145789
      },
      "vcov": [
        [0.031316, -0.052966, 0.005786, 0.000904, -0.000293, 0.001237, -0.000475, 0.000298, -0.000066, -0.000358, -0.000026, 0.004275],
        [-0.052966, 0.099591, -0.005482, -0.001798, 0.000138, -0.002361, 0.000515, -0.001288, 0.000414, 0.000686, 0.000164, -0.013384],
        [0.005786, -0.005482, 0.004134, 0.000122, -0.000131, -0.000191, -0.000076, 0.000219, -0.000239, -0.000216, 0.000017, 0.000446],
        [0.000904, -0.001798, 0.000122, 0.000126, -9.986517e-06, 0.000085, -0.000032, -5.449962e-06, -0.000049, -0.000011, -4.795842e-06, 0.00016],
        [-0.000293, 0.000138, -0.000131, -9.986517e-06, 0.002562, -0.00006, 0.000293, 0.000214, -0.000054, 0.000123, -0.000215, 0.000732],
        [0.001237, -0.002361, -0.000191, 0.000085, -0.00006, 0.003323, -3.042679e-06, -0.000037, 0.000188, -0.000125, 0.000156, -0.000474],
        [-0.000475, 0.000515, -0.000076, -0.000032, 0.000293, -3.042679e-06, 0.002686, 0.00006, -0.000175, 0.000045, 0.00011, 0.002379],
        [0.000298, -0.001288, 0.000219, -5.449962e-06, 0.000214, -0.000037, 0.00006, 0.002593, -0.000344, -0.000302, 0.000052, 0.001353],
        [-0.000066, 0.000414, -0.000239, -0.000049, -0.000054, 0.000188, -0.000175, -0.000344, 0.003138, -0.000343, 0.000084, -0.000468],
        [-0.000358, 0.000686, -0.000216, -0.000011, 0.000123, -0.000125, 0.000045, -0.000302, -0.000343, 0.002598, -0.000083, 0.003365],
        [-0.000026, 0.000164, 0.000017, -4.795842e-06, -0.000215, 0.000156, 0.00011, 0.000052, 0.000084, -0.000083, 0.00252, -0.000324],
        [0.004275, -0.013384, 0.000446, 0.00016, 0.000732, -0.000474, 0.002379, 0.001353, -0.000468, 0.003365, -0.000324, 0.335266]
      ],
      "feature_order": ["(Intercept)", "civil_liberties", "fariss_hr_score", "polity2", "z_gdp_growth", "z_cpi_inflation", "z_unemployment", "z_political_violence_ord", "z_refugee_outflow", "z_ffpi_avg", "z_coup_proof_fragmentation", "cpi_imputed"],
      "n_train": 1626,
      "n_events": 520,
      "lambda": 0.025135,
      "n_bootstrap": 500
    },
    "electoral_democracy": {
      "regime_code": 2,
      "coefficients": {
        "(Intercept)": 3.774505,
        "civil_liberties": -6.237424,
        "fariss_hr_score": -0.861895,
        "polity2": 0.022377,
        "z_gdp_growth": -0.141388,
        "z_cpi_inflation": -0.031256,
        "z_unemployment": 0.096438,
        "z_political_violence_ord": 0.227886,
        "z_refugee_outflow": 0.127102,
        "z_ffpi_avg": 0.373659,
        "z_coup_proof_fragmentation": 0.099984,
        "cpi_imputed": -1.391698
      },
      "vcov": [
        [0.458234, -0.564123, 0.012865, -0.001734, -0.003306, -0.003067, -0.002037, -0.003767, 0.004483, 0.004295, -0.001172, 0.034901],
        [-0.564123, 0.764677, -0.017103, -0.005194, 0.005345, 0.003658, 0.003491, 0.006226, -0.004384, -0.003817, -0.003362, -0.043487],
        [0.012865, -0.017103, 0.004412, 0.000169, 0.000187, 0.000086, -0.000189, 0.000179, 0.000139, -0.000503, 0.000314, -0.000709],
        [-0.001734, -0.005194, 0.000169, 0.000802, -0.000154, 0.000062, -0.0002, -0.000066, -0.00011, -0.000203, 0.000484, -0.000162],
        [-0.003306, 0.005345, 0.000187, -0.000154, 0.006442, 0.000331, 0.001211, 0.000143, 0.00086, -0.00051, 0.000021, 0.000195],
        [-0.003067, 0.003658, 0.000086, 0.000062, 0.000331, 0.005272, -0.000046, 3.901824e-06, 0.000517, 0.000117, -0.000678, 0.001526],
        [-0.002037, 0.003491, -0.000189, -0.0002, 0.001211, -0.000046, 0.004888, 0.000029, -0.000047, 0.00103, -0.000645, -0.000808],
        [-0.003767, 0.006226, 0.000179, -0.000066, 0.000143, 3.901824e-06, 0.000029, 0.007637, 0.000041, -0.000463, -0.000711, 0.000964],
        [0.004483, -0.004384, 0.000139, -0.00011, 0.00086, 0.000517, -0.000047, 0.000041, 0.005116, -0.000915, 0.000022, 0.003017],
        [0.004295, -0.003817, -0.000503, -0.000203, -0.00051, 0.000117, 0.00103, -0.000463, -0.000915, 0.005162, 0.000411, 0.000027],
        [-0.001172, -0.003362, 0.000314, 0.000484, 0.000021, -0.000678, -0.000645, -0.000711, 0.000022, 0.000411, 0.007027, -0.0037],
        [0.034901, -0.043487, -0.000709, -0.000162, 0.000195, 0.001526, -0.000808, 0.000964, 0.003017, 0.000027, -0.0037, 0.015197]
      ],
      "feature_order": ["(Intercept)", "civil_liberties", "fariss_hr_score", "polity2", "z_gdp_growth", "z_cpi_inflation", "z_unemployment", "z_political_violence_ord", "z_refugee_outflow", "z_ffpi_avg", "z_coup_proof_fragmentation", "cpi_imputed"],
      "n_train": 1419,
      "n_events": 284,
      "lambda": 0.018269,
      "n_bootstrap": 500
    },
    "liberal_democracy": {
      "regime_code": 3,
      "coefficients": {
        "(Intercept)": 1.230162,
        "civil_liberties": -2.186499,
        "fariss_hr_score": -0.315502,
        "polity2": -0.067482,
        "z_gdp_growth": -0.093366,
        "z_cpi_inflation": 0.058415,
        "z_unemployment": 0.082137,
        "z_political_violence_ord": 0.076847,
        "z_refugee_outflow": 0.050272,
        "z_ffpi_avg": -0.037138,
        "z_coup_proof_fragmentation": -0.080795,
        "cpi_imputed": 0
      },
      "vcov": [
        [2.779796, -3.151195, 0.012393, 0.013439, 0.005122, -0.005978, -0.023186, 0.041126, 0.000554, -0.010847, 0.004118, 0],
        [-3.151195, 3.970602, -0.012198, -0.055365, -0.009559, 0.008105, 0.025695, -0.053537, 0.00641, 0.006689, 0.002167, 0],
        [0.012393, -0.012198, 0.00298, -0.000655, 0.000096, 0.000836, -0.001005, -0.000093, -0.000055, 0.00009, 0.000607, 0],
        [0.013439, -0.055365, -0.000655, 0.004214, 0.000389, -0.000262, 0.000042, 0.000972, -0.000666, 0.000564, -0.000636, 0],
        [0.005122, -0.009559, 0.000096, 0.000389, 0.004805, 0.00038, 0.000549, 0.000071, -0.000063, -0.000044, -0.000048, 0],
        [-0.005978, 0.008105, 0.000836, -0.000262, 0.00038, 0.008011, -0.000351, -0.001331, 0.000326, 0.000847, 0.000367, 0],
        [-0.023186, 0.025695, -0.001005, 0.000042, 0.000549, -0.000351, 0.006184, -0.001266, 0.000865, 0.000909, 0.00038, 0],
        [0.041126, -0.053537, -0.000093, 0.000972, 0.000071, -0.001331, -0.001266, 0.01311, -0.001697, -0.000403, -0.00053, 0],
        [0.000554, 0.00641, -0.000055, -0.000666, -0.000063, 0.000326, 0.000865, -0.001697, 0.00617, -0.000593, 0.000376, 0],
        [-0.010847, 0.006689, 0.00009, 0.000564, -0.000044, 0.000847, 0.000909, -0.000403, -0.000593, 0.006579, 0.001071, 0],
        [0.004118, 0.002167, 0.000607, -0.000636, -0.000048, 0.000367, 0.00038, -0.00053, 0.000376, 0.001071, 0.008059, 0],
        [0, 0, 0, 0, 0, 0, 0, 0, 0, 0, 0, 1e-08]
      ],
      "feature_order": ["(Intercept)", "civil_liberties", "fariss_hr_score", "polity2", "z_gdp_growth", "z_cpi_inflation", "z_unemployment", "z_political_violence_ord", "z_refugee_outflow", "z_ffpi_avg", "z_coup_proof_fragmentation", "cpi_imputed"],
      "n_train": 1099,
      "n_events": 125,
      "lambda": 0.030602,
      "n_bootstrap": 500
    }
  }
}
