{
  "model_version": "unrest-risk-v0.7.1-acled-fatality",
  "fitted_at": "2026-05-25",
  "features": ["civil_liberties", "log_gdp_per_cap", "loser_consent", "conflict_neighbors_count", "gdp_growth", "cpi_inflation", "unemployment", "political_violence_ord_lag1", "mass_mobilization_ord_lag1", "log_refugee_outflow", "coup_proof_fragmentation", "log_acled_violent_demo_fat_per_cap_lag1", "log_acled_pv_fat_per_cap_lag1", "acled_covered_lag1"],
  "feature_labels": {
    "civil_liberties": "Civil liberties",
    "log_gdp_per_cap": "GDP per capita",
    "loser_consent": "Loser consent",
    "conflict_neighbors_count": "Regional conflict",
    "gdp_growth": "GDP growth",
    "cpi_inflation": "Inflation",
    "unemployment": "Unemployment",
    "political_violence_ord_lag1": "Political violence (prior year)",
    "mass_mobilization_ord_lag1": "Mass mobilization (prior year)",
    "log_refugee_outflow": "Refugee outflow (log)",
    "coup_proof_fragmentation": "Coup-proofing fragmentation",
    "log_acled_violent_demo_fat_per_cap_lag1": "ACLED deadly-protest fatalities (prior year)",
    "log_acled_pv_fat_per_cap_lag1": "ACLED political-violence fatalities (prior year)",
    "acled_covered_lag1": "ACLED coverage active (prior year)"
  },
  "feature_direction": {
    "civil_liberties": -1,
    "log_gdp_per_cap": -1,
    "loser_consent": -1,
    "conflict_neighbors_count": 1,
    "gdp_growth": -1,
    "cpi_inflation": 1,
    "unemployment": 1,
    "political_violence_ord_lag1": 1,
    "mass_mobilization_ord_lag1": 1,
    "log_refugee_outflow": 1,
    "coup_proof_fragmentation": 1,
    "log_acled_violent_demo_fat_per_cap_lag1": 1,
    "log_acled_pv_fat_per_cap_lag1": 1,
    "acled_covered_lag1": 0
  },
  "tiers": {
    "mobilization": {
      "strata": {
        "closed_autocracy": {
          "regime_code": 0,
          "coefficients": {
            "(Intercept)": -4.310961,
            "civil_liberties": 0,
            "log_gdp_per_cap": 0,
            "loser_consent": 0,
            "conflict_neighbors_count": 0.015835,
            "gdp_growth": -0.043639,
            "cpi_inflation": 0,
            "unemployment": 0,
            "political_violence_ord_lag1": 0.249991,
            "mass_mobilization_ord_lag1": 0,
            "log_refugee_outflow": 0,
            "coup_proof_fragmentation": 0.056156,
            "log_acled_violent_demo_fat_per_cap_lag1": 0.821074,
            "log_acled_pv_fat_per_cap_lag1": 0,
            "acled_covered_lag1": 1.0743
          },
          "vcov": [
            [4.019291, 0.061948, -0.024639, 0.005767, -0.08039, 0.00952, -0.003131, -0.009836, -0.118428, -0.012069, -0.000313, -0.503291, -0.472624, -0.022782, -0.485142],
            [0.061948, 0.169491, -0.000546, -0.000718, 0.000842, 0.000457, -0.000107, -0.000443, -0.014579, 0.00186, 8.241962e-07, -0.014428, 0.005726, -0.000803, -0.006586],
            [-0.024639, -0.000546, 0.006209, -0.000174, -0.00144, 0.000633, 0.000017, 0.000152, 0.00469, 0.000413, 0.000011, -0.002591, -0.005113, 0.000019, -0.020819],
            [0.005767, -0.000718, -0.000174, 0.001223, -0.001373, 0.00013, 7.166118e-06, -0.000057, 0.000638, 0.000085, 2.031698e-06, -2.776603e-06, -0.000223, 0.000086, 0.000999],
            [-0.08039, 0.000842, -0.00144, -0.001373, 0.012186, 0.000403, 0.000093, 0.000112, -0.00165, -0.000458, 5.880356e-06, 0.002536, 0.014265, -0.000126, 0.006892],
            [0.00952, 0.000457, 0.000633, 0.00013, 0.000403, 0.002147, 0.000025, 0.000052, 0.00051, 0.000275, -0.000017, 0.002405, -0.000507, -0.000626, -0.011248],
            [-0.003131, -0.000107, 0.000017, 7.166118e-06, 0.000093, 0.000025, 0.000039, 1.087939e-07, -0.000183, -0.000023, -7.535561e-07, 0.000468, 0.000034, 0.000114, 0.00109],
            [-0.009836, -0.000443, 0.000152, -0.000057, 0.000112, 0.000052, 1.087939e-07, 0.000278, -0.000333, -0.000047, 0.000013, 0.001777, 0.002036, -0.000098, 0.000314],
            [-0.118428, -0.014579, 0.00469, 0.000638, -0.00165, 0.00051, -0.000183, -0.000333, 0.054109, 0.001097, -0.000048, -0.032782, 0.018086, -0.002473, -0.045492],
            [-0.012069, 0.00186, 0.000413, 0.000085, -0.000458, 0.000275, -0.000023, -0.000047, 0.001097, 0.002815, -5.034808e-06, -0.001467, 0.001832, -0.000377, -0.002546],
            [-0.000313, 8.241962e-07, 0.000011, 2.031698e-06, 5.880356e-06, -0.000017, -7.535561e-07, 0.000013, -0.000048, -5.034808e-06, 0.000014, -0.000104, -0.000089, -0.000011, 0.00023],
            [-0.503291, -0.014428, -0.002591, -2.776603e-06, 0.002536, 0.002405, 0.000468, 0.001777, -0.032782, -0.001467, -0.000104, 0.208599, 0.021266, 0.001458, 0.06645],
            [-0.472624, 0.005726, -0.005113, -0.000223, 0.014265, -0.000507, 0.000034, 0.002036, 0.018086, 0.001832, -0.000089, 0.021266, 0.710938, -0.005042, 0.040806],
            [-0.022782, -0.000803, 0.000019, 0.000086, -0.000126, -0.000626, 0.000114, -0.000098, -0.002473, -0.000377, -0.000011, 0.001458, -0.005042, 0.010551, 0.005566],
            [-0.485142, -0.006586, -0.020819, 0.000999, 0.006892, -0.011248, 0.00109, 0.000314, -0.045492, -0.002546, 0.00023, 0.06645, 0.040806, 0.005566, 0.36236]
          ],
          "feature_order": ["(Intercept)", "civil_liberties", "log_gdp_per_cap", "loser_consent", "conflict_neighbors_count", "gdp_growth", "cpi_inflation", "unemployment", "political_violence_ord_lag1", "mass_mobilization_ord_lag1", "log_refugee_outflow", "coup_proof_fragmentation", "log_acled_violent_demo_fat_per_cap_lag1", "log_acled_pv_fat_per_cap_lag1", "acled_covered_lag1"],
          "n_train": 262,
          "n_events": 10,
          "lambda": 0.013295,
          "n_bootstrap": 500
        },
        "electoral_autocracy": {
          "regime_code": 1,
          "coefficients": {
            "(Intercept)": -3.581188,
            "civil_liberties": 0,
            "log_gdp_per_cap": 0,
            "loser_consent": 0,
            "conflict_neighbors_count": 0,
            "gdp_growth": 0,
            "cpi_inflation": 0,
            "unemployment": 0.00218,
            "political_violence_ord_lag1": 0.18327,
            "mass_mobilization_ord_lag1": 0.243244,
            "log_refugee_outflow": 0,
            "coup_proof_fragmentation": 0,
            "log_acled_violent_demo_fat_per_cap_lag1": 0.470081,
            "log_acled_pv_fat_per_cap_lag1": 0.202526,
            "acled_covered_lag1": 0.420209
          },
          "vcov": [
            [0.150875, 0, -0.008564, -0.004985, 0.000098, -0.000057, 9.139493e-06, -0.000582, -0.011502, -0.009876, -0.000546, 0, 0.009674, 0.003367, -0.03221],
            [0, 1e-08, 0, 0, 0, 0, 0, 0, 0, 0, 0, 0, 0, 0, 0],
            [-0.008564, 0, 0.000989, 4.835417e-06, -0.000011, -3.892923e-06, -3.072039e-06, 0.000028, 0.000162, 0.000169, 0.00002, 0, -0.000281, 0.000095, 0.000087],
            [-0.004985, 0, 4.835417e-06, 0.001506, -0.000011, -5.029123e-06, 2.734797e-06, 0.000029, 0.000453, -0.000052, 0.000015, 0, -0.000374, -0.000224, 0.001374],
            [0.000098, 0, -0.000011, -0.000011, 0.000033, -2.187637e-06, 1.102625e-06, 1.634684e-06, -0.000053, -6.802616e-06, 3.91052e-06, 0, 0.000071, 0.000028, -0.000274],
            [-0.000057, 0, -3.892923e-06, -5.029123e-06, -2.187637e-06, 9.719548e-06, -9.226282e-08, -1.55519e-06, 4.489507e-06, 5.380722e-06, 3.430566e-08, 0, -0.000073, 0.000017, 0.000059],
            [9.139493e-06, 0, -3.072039e-06, 2.734797e-06, 1.102625e-06, -9.226282e-08, 3.270762e-06, -9.09926e-07, -0.000012, -6.708609e-06, -9.203256e-07, 0, 0.000026, 0.00001, -5.32033e-06],
            [-0.000582, 0, 0.000028, 0.000029, 1.634684e-06, -1.55519e-06, -9.09926e-07, 0.000092, -0.000103, 0.000069, 2.826408e-06, 0, -0.000155, 0.000068, -0.000585],
            [-0.011502, 0, 0.000162, 0.000453, -0.000053, 4.489507e-06, -0.000012, -0.000103, 0.007415, -0.003041, 8.296308e-06, 0, -0.001833, -0.002238, 0.006141],
            [-0.009876, 0, 0.000169, -0.000052, -6.802616e-06, 5.380722e-06, -6.708609e-06, 0.000069, -0.003041, 0.006525, 5.975027e-06, 0, -0.000893, 0.000158, -0.001322],
            [-0.000546, 0, 0.00002, 0.000015, 3.91052e-06, 3.430566e-08, -9.203256e-07, 2.826408e-06, 8.296308e-06, 5.975027e-06, 0.000056, 0, -4.424787e-06, -0.000076, 0.000142],
            [0, 0, 0, 0, 0, 0, 0, 0, 0, 0, 0, 1e-08, 0, 0, 0],
            [0.009674, 0, -0.000281, -0.000374, 0.000071, -0.000073, 0.000026, -0.000155, -0.001833, -0.000893, -4.424787e-06, 0, 0.051207, -0.001532, -0.00551],
            [0.003367, 0, 0.000095, -0.000224, 0.000028, 0.000017, 0.00001, 0.000068, -0.002238, 0.000158, -0.000076, 0, -0.001532, 0.004036, -0.007088],
            [-0.03221, 0, 0.000087, 0.001374, -0.000274, 0.000059, -5.32033e-06, -0.000585, 0.006141, -0.001322, 0.000142, 0, -0.00551, -0.007088, 0.047026]
          ],
          "feature_order": ["(Intercept)", "civil_liberties", "log_gdp_per_cap", "loser_consent", "conflict_neighbors_count", "gdp_growth", "cpi_inflation", "unemployment", "political_violence_ord_lag1", "mass_mobilization_ord_lag1", "log_refugee_outflow", "coup_proof_fragmentation", "log_acled_violent_demo_fat_per_cap_lag1", "log_acled_pv_fat_per_cap_lag1", "acled_covered_lag1"],
          "n_train": 1435,
          "n_events": 169,
          "lambda": 0.009687,
          "n_bootstrap": 500
        },
        "electoral_democracy": {
          "regime_code": 2,
          "coefficients": {
            "(Intercept)": -4.011537,
            "civil_liberties": 0,
            "log_gdp_per_cap": 0,
            "loser_consent": -0.02076,
            "conflict_neighbors_count": 0.047559,
            "gdp_growth": -0.024258,
            "cpi_inflation": 0,
            "unemployment": 0.066361,
            "political_violence_ord_lag1": 0,
            "mass_mobilization_ord_lag1": 0.173849,
            "log_refugee_outflow": 0.045091,
            "coup_proof_fragmentation": 0.197878,
            "log_acled_violent_demo_fat_per_cap_lag1": 0.643018,
            "log_acled_pv_fat_per_cap_lag1": 0.245181,
            "acled_covered_lag1": 0.277646
          },
          "vcov": [
            [0.343199, -0.043633, 0, -0.034106, -0.00268, -0.001049, -0.000233, -0.003153, 0.00001, -0.01414, -0.003649, -0.038395, -0.019915, 0.008619, -0.034736],
            [-0.043633, 0.043237, 0, 0.000995, -0.000083, -0.000165, 0.000033, 0.000103, -7.502222e-06, 0.000784, 0.000109, 0.001891, 0.007127, -0.00171, 0.000531],
            [0, 0, 1e-08, 0, 0, 0, 0, 0, 0, 0, 0, 0, 0, 0, 0],
            [-0.034106, 0.000995, 0, 0.009681, 0.000071, 0.000159, 0.000019, -0.00008, -3.708615e-06, -0.000903, -0.000051, -0.00063, 0.003654, 0.000156, 0.003118],
            [-0.00268, -0.000083, 0, 0.000071, 0.000546, -0.00008, 5.568193e-06, -6.971101e-06, 2.079845e-06, 0.000168, 0.000173, -0.000243, 0.000033, -0.000019, -0.002401],
            [-0.001049, -0.000165, 0, 0.000159, -0.00008, 0.000308, 1.224401e-06, 0.000017, 1.907458e-06, -0.000105, -0.000034, -0.000063, 0.001972, 0.000238, 0.00042],
            [-0.000233, 0.000033, 0, 0.000019, 5.568193e-06, 1.224401e-06, 0.000011, 5.207171e-07, -1.357022e-07, -7.01681e-07, -8.33851e-07, 3.289875e-06, -0.000012, 3.682911e-06, 0.000012],
            [-0.003153, 0.000103, 0, -0.00008, -6.971101e-06, 0.000017, 5.207171e-07, 0.000182, 4.971068e-07, 0.000239, -2.211919e-07, 0.000494, -0.000461, -0.000028, 0.000262],
            [0.00001, -7.502222e-06, 0, -3.708615e-06, 2.079845e-06, 1.907458e-06, -1.357022e-07, 4.971068e-07, 2.7352e-06, 5.303158e-07, 3.413861e-07, -0.000013, 1.030217e-06, 0.000011, -0.000013],
            [-0.01414, 0.000784, 0, -0.000903, 0.000168, -0.000105, -7.01681e-07, 0.000239, 5.303158e-07, 0.007236, 0.000189, -0.001381, -0.012264, -0.000384, 0.000556],
            [-0.003649, 0.000109, 0, -0.000051, 0.000173, -0.000034, -8.33851e-07, -2.211919e-07, 3.413861e-07, 0.000189, 0.000451, 0.000109, -0.000053, -0.000249, -0.000069],
            [-0.038395, 0.001891, 0, -0.00063, -0.000243, -0.000063, 3.289875e-06, 0.000494, -0.000013, -0.001381, 0.000109, 0.019979, 0.013114, -0.003623, 0.006866],
            [-0.019915, 0.007127, 0, 0.003654, 0.000033, 0.001972, -0.000012, -0.000461, 1.030217e-06, -0.012264, -0.000053, 0.013114, 0.408792, -0.004657, -0.024782],
            [0.008619, -0.00171, 0, 0.000156, -0.000019, 0.000238, 3.682911e-06, -0.000028, 0.000011, -0.000384, -0.000249, -0.003623, -0.004657, 0.009994, -0.011164],
            [-0.034736, 0.000531, 0, 0.003118, -0.002401, 0.00042, 0.000012, 0.000262, -0.000013, 0.000556, -0.000069, 0.006866, -0.024782, -0.011164, 0.05561]
          ],
          "feature_order": ["(Intercept)", "civil_liberties", "log_gdp_per_cap", "loser_consent", "conflict_neighbors_count", "gdp_growth", "cpi_inflation", "unemployment", "political_violence_ord_lag1", "mass_mobilization_ord_lag1", "log_refugee_outflow", "coup_proof_fragmentation", "log_acled_violent_demo_fat_per_cap_lag1", "log_acled_pv_fat_per_cap_lag1", "acled_covered_lag1"],
          "n_train": 1224,
          "n_events": 133,
          "lambda": 0.0027,
          "n_bootstrap": 500
        },
        "liberal_democracy": {
          "regime_code": 3,
          "coefficients": {
            "(Intercept)": -2.66153,
            "civil_liberties": 0,
            "log_gdp_per_cap": 0,
            "loser_consent": 0,
            "conflict_neighbors_count": 0,
            "gdp_growth": 0,
            "cpi_inflation": 0,
            "unemployment": 0,
            "political_violence_ord_lag1": 0,
            "mass_mobilization_ord_lag1": 0,
            "log_refugee_outflow": 0,
            "coup_proof_fragmentation": 0,
            "log_acled_violent_demo_fat_per_cap_lag1": 0,
            "log_acled_pv_fat_per_cap_lag1": 0,
            "acled_covered_lag1": 0
          },
          "vcov": [
            [0.10628, -0.113074, 0, -0.000074, -2.512748e-06, 0, 0, 0, 0, 0, -0.000016, 0, 0.030981, 0, -0.00012],
            [-0.113074, 0.1207, 0, -8.169404e-06, 1.224709e-06, 0, 0, 0, 0, 0, 6.696029e-06, 0, -0.033459, 0, 0.000045],
            [0, 0, 1e-08, 0, 0, 0, 0, 0, 0, 0, 0, 0, 0, 0, 0],
            [-0.000074, -8.169404e-06, 0, 0.00002, 6.121833e-09, 0, 0, 0, 0, 0, 3.347078e-08, 0, 7.27767e-06, 0, 2.24318e-07],
            [-2.512748e-06, 1.224709e-06, 0, 6.121833e-09, 4.679569e-07, 0, 0, 0, 0, 0, -5.017743e-09, 0, -1.091026e-06, 0, -3.362843e-08],
            [0, 0, 0, 0, 0, 1e-08, 0, 0, 0, 0, 0, 0, 0, 0, 0],
            [0, 0, 0, 0, 0, 0, 1e-08, 0, 0, 0, 0, 0, 0, 0, 0],
            [0, 0, 0, 0, 0, 0, 0, 1e-08, 0, 0, 0, 0, 0, 0, 0],
            [0, 0, 0, 0, 0, 0, 0, 0, 1e-08, 0, 0, 0, 0, 0, 0],
            [0, 0, 0, 0, 0, 0, 0, 0, 0, 1e-08, 0, 0, 0, 0, 0],
            [-0.000016, 6.696029e-06, 0, 3.347078e-08, -5.017743e-09, 0, 0, 0, 0, 0, 9.932787e-06, 0, -5.965122e-06, 0, -1.838616e-07],
            [0, 0, 0, 0, 0, 0, 0, 0, 0, 0, 0, 1e-08, 0, 0, 0],
            [0.030981, -0.033459, 0, 7.27767e-06, -1.091026e-06, 0, 0, 0, 0, 0, -5.965122e-06, 0, 0.33926, 0, -0.00004],
            [0, 0, 0, 0, 0, 0, 0, 0, 0, 0, 0, 0, 0, 1e-08, 0],
            [-0.00012, 0.000045, 0, 2.24318e-07, -3.362843e-08, 0, 0, 0, 0, 0, -1.838616e-07, 0, -0.00004, 0, 0.000467]
          ],
          "feature_order": ["(Intercept)", "civil_liberties", "log_gdp_per_cap", "loser_consent", "conflict_neighbors_count", "gdp_growth", "cpi_inflation", "unemployment", "political_violence_ord_lag1", "mass_mobilization_ord_lag1", "log_refugee_outflow", "coup_proof_fragmentation", "log_acled_violent_demo_fat_per_cap_lag1", "log_acled_pv_fat_per_cap_lag1", "acled_covered_lag1"],
          "n_train": 1011,
          "n_events": 66,
          "lambda": 0.02776,
          "n_bootstrap": 500
        }
      },
      "pooled": {
        "coefficients": {
          "(Intercept)": -3.279276,
          "civil_liberties": 0,
          "log_gdp_per_cap": 0,
          "loser_consent": 0,
          "conflict_neighbors_count": 0.014053,
          "gdp_growth": -0.012587,
          "cpi_inflation": 0,
          "unemployment": 0.031351,
          "political_violence_ord_lag1": 0.027639,
          "mass_mobilization_ord_lag1": 0.097243,
          "log_refugee_outflow": 0.021909,
          "coup_proof_fragmentation": 0,
          "log_acled_violent_demo_fat_per_cap_lag1": 0.738143,
          "log_acled_pv_fat_per_cap_lag1": 0.232477,
          "acled_covered_lag1": 0.402022
        },
        "vcov": [
          [0.032109, 0, -0.000122, -0.000135, -0.00061, -0.000441, -0.000017, -0.000739, -0.000399, -0.004226, -0.000855, -0.001699, 0.001492, 0.001331, -0.006247],
          [0, 1e-08, 0, 0, 0, 0, 0, 0, 0, 0, 0, 0, 0, 0, 0],
          [-0.000122, 0, 0.000012, 1.656708e-07, 2.260001e-06, 3.197707e-07, 2.953174e-07, -2.467367e-07, 7.486758e-06, -4.361397e-06, 1.078001e-06, 3.643807e-06, -0.000058, -7.875948e-06, 0.000011],
          [-0.000135, 0, 1.656708e-07, 0.00006, 6.689602e-06, -2.645574e-06, 3.573207e-07, 2.724183e-06, -4.159918e-06, -0.000049, 6.509155e-07, 0.000016, 0.000088, 0.000011, -0.000066],
          [-0.00061, 0, 2.260001e-06, 6.689602e-06, 0.000165, 1.953343e-06, -1.188472e-06, 0.000014, -0.000035, -0.000019, 0.000019, -0.000042, 0.000222, 0.000048, -0.00087],
          [-0.000441, 0, 3.197707e-07, -2.645574e-06, 1.953343e-06, 0.000079, 5.332579e-07, 2.297794e-06, 6.072043e-06, 0.000034, 2.07816e-07, -4.649256e-06, 0.000054, -0.000012, 0.000116],
          [-0.000017, 0, 2.953174e-07, 3.573207e-07, -1.188472e-06, 5.332579e-07, 2.886928e-06, -9.29746e-07, -8.153828e-06, 5.163005e-06, -1.871895e-06, 4.009783e-06, -0.000011, 5.686733e-07, 0.000014],
          [-0.000739, 0, -2.467367e-07, 2.724183e-06, 0.000014, 2.297794e-06, -9.29746e-07, 0.000083, -0.000033, 8.857046e-06, 0.000015, -3.232248e-06, -0.000043, 0.00004, -0.000227],
          [-0.000399, 0, 7.486758e-06, -4.159918e-06, -0.000035, 6.072043e-06, -8.153828e-06, -0.000033, 0.00179, -0.000634, -0.000119, -0.00011, 0.000026, -0.000492, 0.000722],
          [-0.004226, 0, -4.361397e-06, -0.000049, -0.000019, 0.000034, 5.163005e-06, 8.857046e-06, -0.000634, 0.002033, 0.000122, -0.000021, -0.001265, -0.000157, 0.001151],
          [-0.000855, 0, 1.078001e-06, 6.509155e-07, 0.000019, 2.07816e-07, -1.871895e-06, 0.000015, -0.000119, 0.000122, 0.000131, 9.194037e-06, 0.000095, -0.000084, 0.00005],
          [-0.001699, 0, 3.643807e-06, 0.000016, -0.000042, -4.649256e-06, 4.009783e-06, -3.232248e-06, -0.00011, -0.000021, 9.194037e-06, 0.001048, 0.000227, -0.000112, 0.000573],
          [0.001492, 0, -0.000058, 0.000088, 0.000222, 0.000054, -0.000011, -0.000043, 0.000026, -0.001265, 0.000095, 0.000227, 0.042517, -0.001938, -0.003751],
          [0.001331, 0, -7.875948e-06, 0.000011, 0.000048, -0.000012, 5.686733e-07, 0.00004, -0.000492, -0.000157, -0.000084, -0.000112, -0.001938, 0.00224, -0.003555],
          [-0.006247, 0, 0.000011, -0.000066, -0.00087, 0.000116, 0.000014, -0.000227, 0.000722, 0.001151, 0.00005, 0.000573, -0.003751, -0.003555, 0.020412]
        ],
        "feature_order": ["(Intercept)", "civil_liberties", "log_gdp_per_cap", "loser_consent", "conflict_neighbors_count", "gdp_growth", "cpi_inflation", "unemployment", "political_violence_ord_lag1", "mass_mobilization_ord_lag1", "log_refugee_outflow", "coup_proof_fragmentation", "log_acled_violent_demo_fat_per_cap_lag1", "log_acled_pv_fat_per_cap_lag1", "acled_covered_lag1"],
        "lambda": 0.000576,
        "n_train": 3932,
        "n_events": 378,
        "n_bootstrap": 500
      },
      "train_years": [1996, 2025]
    },
    "violence": {
      "strata": {
        "closed_autocracy": {
          "regime_code": 0,
          "coefficients": {
            "(Intercept)": 2.280224,
            "civil_liberties": -1.593391,
            "log_gdp_per_cap": -1.176697,
            "loser_consent": -0.100011,
            "conflict_neighbors_count": 0,
            "gdp_growth": -0.072831,
            "cpi_inflation": 0.010832,
            "unemployment": 0,
            "political_violence_ord_lag1": 2.156761,
            "mass_mobilization_ord_lag1": 0,
            "log_refugee_outflow": 0,
            "coup_proof_fragmentation": 0.333603,
            "log_acled_violent_demo_fat_per_cap_lag1": 0,
            "log_acled_pv_fat_per_cap_lag1": 1.802171,
            "acled_covered_lag1": 0.695904
          },
          "vcov": [
            [5.32547, 0.501848, -0.529731, -0.161349, -0.000094, -0.001336, -0.009349, -0.000453, -0.103355, 0, 0, -0.135964, -0.676653, -0.506312, 0.159567],
            [0.501848, 2.420892, -0.144353, -0.108097, 0.000175, 0.041983, 0.001367, 0.000148, 0.101802, 0, 0, -0.072553, -0.353304, -0.088833, -0.181496],
            [-0.529731, -0.144353, 0.080046, -0.002459, 5.403218e-06, -0.00456, 0.000121, 0.000013, -0.018075, 0, 0, -0.022567, 0.077609, 0.032993, -0.007256],
            [-0.161349, -0.108097, -0.002459, 0.07435, -9.467707e-06, -0.001378, 0.001411, 0.000047, 0.011973, 0, 0, 0.011381, 0.023391, 0.029978, -0.01306],
            [-0.000094, 0.000175, 5.403218e-06, -9.467707e-06, 3.671707e-06, 6.422716e-06, 2.28601e-06, -2.86653e-08, 0.000014, 0, 0, -0.000043, -0.000023, -0.000018, -0.000059],
            [-0.001336, 0.041983, -0.00456, -0.001378, 6.422716e-06, 0.003485, 0.000235, 9.354282e-06, 0.009558, 0, 0, -0.005271, 0.002219, 0.004752, 0.000591],
            [-0.009349, 0.001367, 0.000121, 0.001411, 2.28601e-06, 0.000235, 0.000175, 3.580732e-06, 0.001228, 0, 0, -0.000766, 0.000467, 0.000903, -0.000435],
            [-0.000453, 0.000148, 0.000013, 0.000047, -2.86653e-08, 9.354282e-06, 3.580732e-06, 6.875619e-06, 0.000021, 0, 0, 0.000022, -0.000037, -0.000048, -0.00012],
            [-0.103355, 0.101802, -0.018075, 0.011973, 0.000014, 0.009558, 0.001228, 0.000021, 0.099739, 0, 0, -0.03831, 0.044126, 0.048636, -0.024647],
            [0, 0, 0, 0, 0, 0, 0, 0, 0, 1e-08, 0, 0, 0, 0, 0],
            [0, 0, 0, 0, 0, 0, 0, 0, 0, 0, 1e-08, 0, 0, 0, 0],
            [-0.135964, -0.072553, -0.022567, 0.011381, -0.000043, -0.005271, -0.000766, 0.000022, -0.03831, 0, 0, 0.252631, -0.010908, -0.007222, -0.026589],
            [-0.676653, -0.353304, 0.077609, 0.023391, -0.000023, 0.002219, 0.000467, -0.000037, 0.044126, 0, 0, -0.010908, 1.847136, 0.001621, -0.062716],
            [-0.506312, -0.088833, 0.032993, 0.029978, -0.000018, 0.004752, 0.000903, -0.000048, 0.048636, 0, 0, -0.007222, 0.001621, 0.460514, -0.159641],
            [0.159567, -0.181496, -0.007256, -0.01306, -0.000059, 0.000591, -0.000435, -0.00012, -0.024647, 0, 0, -0.026589, -0.062716, -0.159641, 0.308834]
          ],
          "feature_order": ["(Intercept)", "civil_liberties", "log_gdp_per_cap", "loser_consent", "conflict_neighbors_count", "gdp_growth", "cpi_inflation", "unemployment", "political_violence_ord_lag1", "mass_mobilization_ord_lag1", "log_refugee_outflow", "coup_proof_fragmentation", "log_acled_violent_demo_fat_per_cap_lag1", "log_acled_pv_fat_per_cap_lag1", "acled_covered_lag1"],
          "n_train": 262,
          "n_events": 27,
          "lambda": 0.004274,
          "n_bootstrap": 500
        },
        "electoral_autocracy": {
          "regime_code": 1,
          "coefficients": {
            "(Intercept)": -2.204878,
            "civil_liberties": -0.634643,
            "log_gdp_per_cap": -0.163965,
            "loser_consent": 0,
            "conflict_neighbors_count": 0,
            "gdp_growth": -0.011094,
            "cpi_inflation": 0.001911,
            "unemployment": 0,
            "political_violence_ord_lag1": 0.715894,
            "mass_mobilization_ord_lag1": 0.141954,
            "log_refugee_outflow": 0,
            "coup_proof_fragmentation": 0.468052,
            "log_acled_violent_demo_fat_per_cap_lag1": 0,
            "log_acled_pv_fat_per_cap_lag1": 0.977794,
            "acled_covered_lag1": -0.53769
          },
          "vcov": [
            [0.500557, -0.084571, -0.050514, 0.000058, 0.000093, -0.001528, -0.000266, 0, -0.01977, 0.00712, -0.000571, -0.008574, -0.00155, -0.002809, -0.032582],
            [-0.084571, 0.164982, -0.001267, -0.000014, -0.000041, 0.00004, 0.00024, 0, 0.008153, -0.013369, 0.000078, 0.006532, 0.000883, 0.000101, 0.004879],
            [-0.050514, -0.001267, 0.007178, -7.373617e-06, -0.000017, 0.000046, -2.329415e-06, 0, 0.001013, -0.000536, 0.00005, -0.002605, 0.00012, -0.000391, 0.002499],
            [0.000058, -0.000014, -7.373617e-06, 4.005944e-06, 4.592242e-08, 2.561143e-07, -1.433636e-07, 0, 7.418226e-06, -9.061191e-07, 3.062389e-07, -5.910733e-06, 1.096627e-06, -1.992861e-06, -4.173613e-06],
            [0.000093, -0.000041, -0.000017, 4.592242e-08, 3.046977e-06, 2.812594e-07, 4.270051e-07, 0, -4.205489e-06, 2.349942e-06, -1.571236e-07, 0.000018, -1.188751e-06, -3.136884e-06, -0.000012],
            [-0.001528, 0.00004, 0.000046, 2.561143e-07, 2.812594e-07, 0.000101, 2.96714e-06, 0, 0.000015, 0.000105, -6.40024e-07, 0.000181, 2.088893e-06, -0.000028, 0.000081],
            [-0.000266, 0.00024, -2.329415e-06, -1.433636e-07, 4.270051e-07, 2.96714e-06, 9.923725e-06, 0, 9.257031e-06, -0.000023, -2.937276e-07, 0.000022, -5.268451e-06, -0.000023, 0.000088],
            [0, 0, 0, 0, 0, 0, 0, 1e-08, 0, 0, 0, 0, 0, 0, 0],
            [-0.01977, 0.008153, 0.001013, 7.418226e-06, -4.205489e-06, 0.000015, 9.257031e-06, 0, 0.005589, -0.002321, 0.000022, 0.000345, 0.000191, 0.000346, -0.000115],
            [0.00712, -0.013369, -0.000536, -9.061191e-07, 2.349942e-06, 0.000105, -0.000023, 0, -0.002321, 0.004761, -0.000033, -0.000538, -0.000087, 0.000313, -0.000855],
            [-0.000571, 0.000078, 0.00005, 3.062389e-07, -1.571236e-07, -6.40024e-07, -2.937276e-07, 0, 0.000022, -0.000033, 0.000023, 0.000011, -2.481488e-06, -0.000047, 0.000147],
            [-0.008574, 0.006532, -0.002605, -5.910733e-06, 0.000018, 0.000181, 0.000022, 0, 0.000345, -0.000538, 0.000011, 0.011236, 0.000043, 0.002359, 0.000154],
            [-0.00155, 0.000883, 0.00012, 1.096627e-06, -1.188751e-06, 2.088893e-06, -5.268451e-06, 0, 0.000191, -0.000087, -2.481488e-06, 0.000043, 0.001008, 0.000064, -0.000139],
            [-0.002809, 0.000101, -0.000391, -1.992861e-06, -3.136884e-06, -0.000028, -0.000023, 0, 0.000346, 0.000313, -0.000047, 0.002359, 0.000064, 0.009232, -0.011415],
            [-0.032582, 0.004879, 0.002499, -4.173613e-06, -0.000012, 0.000081, 0.000088, 0, -0.000115, -0.000855, 0.000147, 0.000154, -0.000139, -0.011415, 0.036188]
          ],
          "feature_order": ["(Intercept)", "civil_liberties", "log_gdp_per_cap", "loser_consent", "conflict_neighbors_count", "gdp_growth", "cpi_inflation", "unemployment", "political_violence_ord_lag1", "mass_mobilization_ord_lag1", "log_refugee_outflow", "coup_proof_fragmentation", "log_acled_violent_demo_fat_per_cap_lag1", "log_acled_pv_fat_per_cap_lag1", "acled_covered_lag1"],
          "n_train": 1435,
          "n_events": 528,
          "lambda": 0.000796,
          "n_bootstrap": 500
        },
        "electoral_democracy": {
          "regime_code": 2,
          "coefficients": {
            "(Intercept)": 4.171781,
            "civil_liberties": -11.585993,
            "log_gdp_per_cap": 0,
            "loser_consent": 0,
            "conflict_neighbors_count": 0,
            "gdp_growth": -0.012107,
            "cpi_inflation": 0,
            "unemployment": 0.028722,
            "political_violence_ord_lag1": 0.766643,
            "mass_mobilization_ord_lag1": 0.412676,
            "log_refugee_outflow": 0.020984,
            "coup_proof_fragmentation": 0.455114,
            "log_acled_violent_demo_fat_per_cap_lag1": 0,
            "log_acled_pv_fat_per_cap_lag1": 0.863136,
            "acled_covered_lag1": -0.153702
          },
          "vcov": [
            [1.408468, -1.59268, 0, -0.000038, 0.000012, -0.001121, -0.000267, -0.001268, -0.05751, 0.018848, -0.001754, -0.026673, 0.006204, 0.011052, -0.034845],
            [-1.59268, 2.136107, 0, -0.000012, -0.000022, 0.000224, 0.000207, -0.002605, 0.05011, -0.04712, -0.000634, -0.02292, -0.036815, -0.017844, 0.019554],
            [0, 0, 1e-08, 0, 0, 0, 0, 0, 0, 0, 0, 0, 0, 0, 0],
            [-0.000038, -0.000012, 0, 1.698928e-06, 8.20923e-10, 7.69724e-07, 1.928848e-08, 1.544865e-06, -5.624797e-06, 9.721816e-06, -3.420458e-07, 2.105482e-06, 0.000018, 4.790746e-06, 2.109594e-06],
            [0.000012, -0.000022, 0, 8.20923e-10, 1.093562e-07, 1.238656e-08, -4.67832e-09, 2.991866e-07, 1.44178e-06, 2.241479e-06, -3.308062e-07, -1.488577e-06, -4.292356e-06, -2.702186e-06, 1.171451e-06],
            [-0.001121, 0.000224, 0, 7.69724e-07, 1.238656e-08, 0.000284, 1.468618e-06, 9.771053e-06, -0.00026, -0.000043, 9.262807e-06, 0.000115, 0.000165, -0.000055, 0.000142],
            [-0.000267, 0.000207, 0, 1.928848e-08, -4.67832e-09, 1.468618e-06, 2.841314e-06, 1.4086e-06, 1.949125e-06, 0.000012, 3.763459e-06, 4.81382e-06, 0.000024, 2.102867e-06, 8.485421e-06],
            [-0.001268, -0.002605, 0, 1.544865e-06, 2.991866e-07, 9.771053e-06, 1.4086e-06, 0.000225, 0.000273, 0.000092, -0.000043, 0.000406, 0.000672, 0.000031, 0.000353],
            [-0.05751, 0.05011, 0, -5.624797e-06, 1.44178e-06, -0.00026, 1.949125e-06, 0.000273, 0.016741, -0.001673, -0.000472, -0.002286, -0.00386, -0.001615, -0.001004],
            [0.018848, -0.04712, 0, 9.721816e-06, 2.241479e-06, -0.000043, 0.000012, 0.000092, -0.001673, 0.008621, 0.000162, -0.000371, 0.000584, 0.000541, -0.002827],
            [-0.001754, -0.000634, 0, -3.420458e-07, -3.308062e-07, 9.262807e-06, 3.763459e-06, -0.000043, -0.000472, 0.000162, 0.000341, 0.000473, 0.000597, 0.000211, 0.000526],
            [-0.026673, -0.02292, 0, 2.105482e-06, -1.488577e-06, 0.000115, 4.81382e-06, 0.000406, -0.002286, -0.000371, 0.000473, 0.019832, 0.008645, 0.000496, 0.00563],
            [0.006204, -0.036815, 0, 0.000018, -4.292356e-06, 0.000165, 0.000024, 0.000672, -0.00386, 0.000584, 0.000597, 0.008645, 0.249714, 0.001435, -0.010269],
            [0.011052, -0.017844, 0, 4.790746e-06, -2.702186e-06, -0.000055, 2.102867e-06, 0.000031, -0.001615, 0.000541, 0.000211, 0.000496, 0.001435, 0.018163, -0.012784],
            [-0.034845, 0.019554, 0, 2.109594e-06, 1.171451e-06, 0.000142, 8.485421e-06, 0.000353, -0.001004, -0.002827, 0.000526, 0.00563, -0.010269, -0.012784, 0.038689]
          ],
          "feature_order": ["(Intercept)", "civil_liberties", "log_gdp_per_cap", "loser_consent", "conflict_neighbors_count", "gdp_growth", "cpi_inflation", "unemployment", "political_violence_ord_lag1", "mass_mobilization_ord_lag1", "log_refugee_outflow", "coup_proof_fragmentation", "log_acled_violent_demo_fat_per_cap_lag1", "log_acled_pv_fat_per_cap_lag1", "acled_covered_lag1"],
          "n_train": 1224,
          "n_events": 238,
          "lambda": 0.003637,
          "n_bootstrap": 500
        },
        "liberal_democracy": {
          "regime_code": 3,
          "coefficients": {
            "(Intercept)": 42.265526,
            "civil_liberties": -37.484443,
            "log_gdp_per_cap": 0,
            "loser_consent": -3.586931,
            "conflict_neighbors_count": 0,
            "gdp_growth": -0.029386,
            "cpi_inflation": 0,
            "unemployment": 0,
            "political_violence_ord_lag1": 1.292509,
            "mass_mobilization_ord_lag1": 0,
            "log_refugee_outflow": 0,
            "coup_proof_fragmentation": 0.820088,
            "log_acled_violent_demo_fat_per_cap_lag1": 0,
            "log_acled_pv_fat_per_cap_lag1": 2.00727,
            "acled_covered_lag1": -1.597144
          },
          "vcov": [
            [19.274429, -9.560532, 0, -0.502359, 0, -0.007657, -0.07795, -0.07353, 0.320601, 0.021067, 0, 0.050077, 0.107033, 0.59532, -0.395604],
            [-9.560532, 10.005493, 0, 0.510587, 0, 0.007532, 0.000344, -0.000449, -0.338363, -0.024393, 0, -0.22314, -0.123928, -0.606995, 0.407534],
            [0, 0, 1e-08, 0, 0, 0, 0, 0, 0, 0, 0, 0, 0, 0, 0],
            [-0.502359, 0.510587, 0, 0.029712, 0, 0.000473, 0.000018, -8.663327e-06, -0.017033, -0.001158, 0, -0.011672, -0.005882, -0.033048, 0.021083],
            [0, 0, 0, 0, 1e-08, 0, 0, 0, 0, 0, 0, 0, 0, 0, 0],
            [-0.007657, 0.007532, 0, 0.000473, 0, 8.767125e-06, 2.432423e-07, -1.392476e-07, -0.000234, 1.42535e-07, 0, -0.000167, 7.24153e-07, -0.000569, 0.000358],
            [-0.07795, 0.000344, 0, 0.000018, 0, 2.432423e-07, 0.001018, 0.00097, -0.000012, -1.195851e-06, 0, -0.000015, -6.075553e-06, -0.00002, 0.000013],
            [-0.07353, -0.000449, 0, -8.663327e-06, 0, -1.392476e-07, 0.00097, 0.000924, 0.000014, -1.152425e-06, 0, 5.033225e-07, -5.854926e-06, 0.000029, -0.000024],
            [0.320601, -0.338363, 0, -0.017033, 0, -0.000234, -0.000012, 0.000014, 0.011714, 0.001102, 0, 0.007664, 0.0056, 0.019375, -0.013038],
            [0.021067, -0.024393, 0, -0.001158, 0, 1.42535e-07, -1.195851e-06, -1.152425e-06, 0.001102, 0.00035, 0, 0.000682, 0.001777, 0.00035, -0.000218],
            [0, 0, 0, 0, 0, 0, 0, 0, 0, 0, 1e-08, 0, 0, 0, 0],
            [0.050077, -0.22314, 0, -0.011672, 0, -0.000167, -0.000015, 5.033225e-07, 0.007664, 0.000682, 0, 0.012899, 0.003463, 0.013157, -0.008725],
            [0.107033, -0.123928, 0, -0.005882, 0, 7.24153e-07, -6.075553e-06, -5.854926e-06, 0.0056, 0.001777, 0, 0.003463, 0.009026, 0.001778, -0.001107],
            [0.59532, -0.606995, 0, -0.033048, 0, -0.000569, -0.00002, 0.000029, 0.019375, 0.00035, 0, 0.013157, 0.001778, 0.042051, -0.027769],
            [-0.395604, 0.407534, 0, 0.021083, 0, 0.000358, 0.000013, -0.000024, -0.013038, -0.000218, 0, -0.008725, -0.001107, -0.027769, 0.018674]
          ],
          "feature_order": ["(Intercept)", "civil_liberties", "log_gdp_per_cap", "loser_consent", "conflict_neighbors_count", "gdp_growth", "cpi_inflation", "unemployment", "political_violence_ord_lag1", "mass_mobilization_ord_lag1", "log_refugee_outflow", "coup_proof_fragmentation", "log_acled_violent_demo_fat_per_cap_lag1", "log_acled_pv_fat_per_cap_lag1", "acled_covered_lag1"],
          "n_train": 1011,
          "n_events": 30,
          "lambda": 0.001906,
          "n_bootstrap": 500
        }
      },
      "pooled": {
        "coefficients": {
          "(Intercept)": -3.290635,
          "civil_liberties": -0.920797,
          "log_gdp_per_cap": -0.100523,
          "loser_consent": 0,
          "conflict_neighbors_count": 0,
          "gdp_growth": -0.014066,
          "cpi_inflation": 0.001369,
          "unemployment": 0,
          "political_violence_ord_lag1": 0.950902,
          "mass_mobilization_ord_lag1": 0.189887,
          "log_refugee_outflow": 0.014923,
          "coup_proof_fragmentation": 0.488329,
          "log_acled_violent_demo_fat_per_cap_lag1": 0,
          "log_acled_pv_fat_per_cap_lag1": 1.035033,
          "acled_covered_lag1": -0.485413
        },
        "vcov": [
          [0.249144, -0.030291, -0.020523, 0, 0, -0.001001, -0.000203, 8.707434e-10, -0.010563, -0.000708, -0.001372, -0.00922, 0.000294, -0.002044, -0.025614],
          [-0.030291, 0.071443, -0.002768, 0, 0, 0.000328, 0.000049, 6.292788e-09, 0.004131, -0.005268, 0.000322, 0.002011, 0.000141, 0.000193, 0.007148],
          [-0.020523, -0.002768, 0.002541, 0, 0, 0.000025, 0.000014, 8.358789e-10, 0.000612, 0.000091, 0.000076, -0.000343, -0.00004, -0.000194, 0.001956],
          [0, 0, 0, 1e-08, 0, 0, 0, 0, 0, 0, 0, 0, 0, 0, 0],
          [0, 0, 0, 0, 1e-08, 0, 0, 0, 0, 0, 0, 0, 0, 0, 0],
          [-0.001001, 0.000328, 0.000025, 0, 0, 0.000094, 3.371727e-06, 2.235165e-09, -0.000021, 0.000024, -4.540137e-06, 0.000096, -0.000027, -0.000073, 0.00006],
          [-0.000203, 0.000049, 0.000014, 0, 0, 3.371727e-06, 5.628275e-06, -1.075261e-10, 7.67501e-07, -4.947166e-06, -3.349687e-06, 1.061029e-06, -6.155808e-07, 6.692605e-07, 0.000029],
          [8.707434e-10, 6.292788e-09, 8.358789e-10, 0, 0, 2.235165e-09, -1.075261e-10, 1.001996e-08, -9.233444e-09, 3.153817e-10, -2.290148e-09, 3.125718e-09, -6.375495e-10, 4.311366e-08, -6.612313e-08],
          [-0.010563, 0.004131, 0.000612, 0, 0, -0.000021, 7.67501e-07, -9.233444e-09, 0.003113, -0.000896, -0.000034, -0.000424, -0.000038, 0.000524, -0.000161],
          [-0.000708, -0.005268, 0.000091, 0, 0, 0.000024, -4.947166e-06, 3.153817e-10, -0.000896, 0.002597, -3.973486e-06, -0.000258, 0.000016, 0.000415, -0.001219],
          [-0.001372, 0.000322, 0.000076, 0, 0, -4.540137e-06, -3.349687e-06, -2.290148e-09, -0.000034, -3.973486e-06, 0.000113, 0.00003, 0.000034, -0.000014, 0.000302],
          [-0.00922, 0.002011, -0.000343, 0, 0, 0.000096, 1.061029e-06, 3.125718e-09, -0.000424, -0.000258, 0.00003, 0.005564, -0.000055, 0.000782, 0.000283],
          [0.000294, 0.000141, -0.00004, 0, 0, -0.000027, -6.155808e-07, -6.375495e-10, -0.000038, 0.000016, 0.000034, -0.000055, 0.000689, 0.000058, -0.000043],
          [-0.002044, 0.000193, -0.000194, 0, 0, -0.000073, 6.692605e-07, 4.311366e-08, 0.000524, 0.000415, -0.000014, 0.000782, 0.000058, 0.006888, -0.007675],
          [-0.025614, 0.007148, 0.001956, 0, 0, 0.00006, 0.000029, -6.612313e-08, -0.000161, -0.001219, 0.000302, 0.000283, -0.000043, -0.007675, 0.023479]
        ],
        "feature_order": ["(Intercept)", "civil_liberties", "log_gdp_per_cap", "loser_consent", "conflict_neighbors_count", "gdp_growth", "cpi_inflation", "unemployment", "political_violence_ord_lag1", "mass_mobilization_ord_lag1", "log_refugee_outflow", "coup_proof_fragmentation", "log_acled_violent_demo_fat_per_cap_lag1", "log_acled_pv_fat_per_cap_lag1", "acled_covered_lag1"],
        "lambda": 0.000454,
        "n_train": 3932,
        "n_events": 823,
        "n_bootstrap": 500
      },
      "train_years": [1996, 2025]
    }
  }
}
